977,0,977,1,977,2,977,3,977,4,977,5,977,6,978,7,978,8,978,9,978,10,979,11,979,12,980,13,980,14,981,15,982,16,983,17,983,18,984,18,985,19,986,20,987,20,988,21,989,21,990,21,991,21,992,21,993,21,994,21,995,20,996,20,997,19,998,19,999,18,999,17,1000,16,1001,15,1001,14,1002,13,1002,12,1002,11,1002,10,1002,9,1001,8,1001,7,1000,6,999,5,998,4,998,3,997,2,998,1,998,0,997,0,996,0,995,0,994,0,993,0,992,0,991,0,990,0,989,0,988,0,987,0,986,0,985,0,984,0,983,0,982,0,981,0,980,0,979,0,978,0
133,0,133,1,134,2,133,3,134,4,134,5,134,6,134,7,135,8,135,9,136,10,136,11,137,12,137,13,138,14,138,15,139,16,140,17,140,18,141,19,142,20,143,21,144,21,145,22,146,23,147,23,148,24,149,25,150,26,151,26,152,27,153,27,154,28,155,28,156,28,157,28,158,29,159,28,160,28,161,28,162,28,163,27,164,27,164,26,165,25,165,24,165,23,166,22,166,21,166,20,166,19,167,18,167,17,167,16,168,15,168,14,169,13,169,12,169,11,169,10,169,9,168,8,169,7,169,6,169,5,169,4,169,3,169,2,169,1,169,0,168,0,167,0,166,0,165,0,164,0,163,0,162,0,161,0,160,0,159,0,158,0,157,0,156,0,155,0,154,0,153,0,152,0,151,0,150,0,149,0,148,0,147,0,146,0,145,0,144,0,143,0,142,0,141,0,140,0,139,0,138,0,137,0,136,0,135,0,134,0
400,0,400,1,400,2,400,3,399,4,399,5,399,6,399,7,398,8,398,9,398,10,398,11,397,12,396,13,395,13,394,14,394,15,393,16,392,17,392,18,392,19,391,20,391,21,390,22,390,23,389,24,389,25,389,26,388,27,388,28,389,29,389,30,390,31,391,32,392,33,393,33,394,32,395,31,396,31,397,31,398,30,399,29,400,28,401,28,402,27,403,26,404,25,405,24,406,23,407,22,408,21,409,20,410,19,411,18,411,17,412,16,413,15,414,15,415,14,416,13,417,12,418,11,419,10,420,9,420,8,421,7,422,6,422,5,423,4,422,3,423,2,424,2,424,1,424,0,423,0,422,0,421,0,420,0,419,0,418,0,417,0,416,0,415,0,414,0,413,0,412,0,411,0,410,0,409,0,408,0,407,0,406,0,405,0,404,0,403,0,402,0,401,0
998,38,997,39,996,39,995,40,995,41,994,42,994,43,994,44,994,45,994,46,994,47,995,48,996,49,997,50,998,51,999,52,1000,53,1000,54,1001,55,1002,56,1003,57,1003,58,1004,58,1005,58,1006,57,1007,57,1008,57,1009,57,1009,56,1009,55,1009,54,1009,53,1009,52,1009,51,1009,50,1009,49,1009,48,1009,47,1009,46,1009,45,1008,44,1008,43,1007,42,1006,42,1005,41,1004,40,1003,39,1002,39,1001,38,1000,38,999,38
355,34,354,35,353,35,353,36,352,37,351,37,350,38,350,39,349,40,348,40,347,41,346,42,345,43,345,44,344,45,343,46,343,47,342,48,341,48,341,49,341,50,341,51,341,52,342,52,343,53,343,54,343,55,344,56,345,57,346,57,347,57,348,58,349,58,350,58,351,58,352,58,353,58,354,58,355,58,356,58,357,58,358,58,359,57,360,57,361,57,362,57,363,57,364,56,365,56,366,55,367,55,368,54,368,53,369,52,369,51,370,50,370,49,370,48,371,47,371,46,370,45,370,44,370,43,369,42,369,41,368,40,367,39,366,38,365,37,364,36,364,35,363,35,362,34,361,34,360,34,359,34,358,34,357,34,356,34
527,35,527,36,526,37,525,37,524,37,523,38,522,39,521,40,520,40,519,41,518,42,517,43,516,44,516,45,515,46,515,47,515,48,516,49,515,50,515,51,515,52,515,53,515,54,516,55,517,56,518,57,519,58,520,58,521,58,522,59,523,59,524,59,525,59,526,58,527,58,528,58,529,57,530,57,531,57,532,56,533,56,534,56,535,55,536,55,537,54,537,53,537,52,538,51,539,51,539,50,539,49,540,48,539,47,540,46,540,45,539,44,539,43,539,42,538,42,537,41,537,40,536,39,535,38,534,37,533,37,532,36,532,35,531,35,530,35,529,35,528,35
138,48,138,49,138,50,137,51,137,52,136,53,136,54,136,55,136,56,135,57,135,58,135,59,136,60,135,61,136,62,136,63,137,64,138,65,139,66,140,67,141,68,142,68,143,68,144,68,145,68,146,68,147,68,148,68,149,68,150,67,151,67,152,67,153,66,154,66,155,66,156,66,157,65,158,65,159,64,160,63,160,62,161,61,162,61,163,60,163,59,163,58,163,57,163,56,162,55,162,54,162,53,161,53,160,52,160,51,159,50,159,49,158,49,157,49,156,49,155,49,154,49,153,49,152,49,151,49,150,49,149,49,148,49,147,49,146,49,145,48,144,48,143,48,142,48,141,48,140,48,139,48
535,56,534,57,533,57,532,57,531,58,530,58,529,58,528,59,527,59,526,59,525,60,524,60,524,61,523,62,522,63,522,64,522,65,522,66,522,67,522,68,522,69,522,70,523,71,523,72,524,73,524,74,525,75,526,76,526,77,527,77,528,78,529,78,530,78,531,79,532,79,533,78,534,78,535,78,536,78,537,77,538,76,539,76,540,76,541,75,542,75,543,74,544,74,545,74,546,73,547,73,548,72,548,71,549,70,550,69,550,68,550,67,550,66,550,65,550,64,550,63,550,62,549,61,548,60,548,59,547,59,546,58,545,57,544,57,543,57,542,56,541,56,540,56,539,56,538,56,537,56,536,56
173,53,173,54,172,55,171,55,170,55,169,56,168,56,167,57,166,58,165,58,164,59,164,60,163,61,162,62,161,62,161,63,160,64,159,65,159,66,158,67,158,68,158,69,158,70,158,71,158,72,158,73,158,74,158,75,158,76,158,77,159,78,159,79,160,80,161,81,161,82,162,82,163,83,164,84,165,84,166,85,167,85,168,86,169,87,170,87,171,88,172,89,172,90,173,91,174,91,175,91,176,92,177,92,178,92,179,92,180,92,181,92,182,91,183,91,184,90,184,89,184,88,185,87,186,86,186,85,187,84,187,83,187,82,187,81,188,80,188,79,188,78,188,77,188,76,189,75,189,74,189,73,189,72,189,71,190,70,190,69,190,68,190,67,190,66,190,65,189,64,189,63,188,62,188,61,187,60,186,59,185,58,184,57,183,56,182,56,181,55,180,55,179,55,178,55,177,54,177,53,176,53,175,53,174,53
1010,57,1009,58,1008,58,1007,58,1006,58,1005,59,1004,59,1004,60,1004,61,1004,62,1004,63,1004,64,1003,65,1003,66,1003,67,1002,68,1002,69,1001,70,1000,71,1000,72,999,73,998,74,998,75,997,76,997,77,996,78,997,79,997,80,997,81,998,82,998,83,999,84,999,85,1000,86,1000,87,1001,88,1001,89,1001,90,1002,90,1003,91,1004,91,1005,91,1006,91,1007,91,1008,91,1009,91,1010,91,1011,91,1012,90,1012,89,1013,88,1014,87,1014,86,1014,85,1015,84,1015,83,1015,82,1016,81,1016,80,1016,79,1016,78,1016,77,1016,76,1016,75,1016,74,1016,73,1016,72,1016,71,1016,70,1016,69,1016,68,1016,67,1015,66,1015,65,1015,64,1014,63,1014,62,1014,61,1013,60,1012,59,1011,58
985,75,984,76,983,77,982,78,982,79,981,80,981,81,981,82,980,83,980,84,980,85,979,86,979,87,979,88,978,89,978,90,978,91,978,92,978,93,978,94,978,95,978,96,978,97,979,98,979,99,980,100,981,101,982,101,983,102,984,102,985,102,986,102,987,103,988,103,989,103,990,103,991,102,992,102,993,102,994,101,995,100,996,100,997,99,998,98,998,97,999,96,999,95,1000,94,1000,93,1000,92,1001,91,1000,90,1000,89,1000,88,999,87,999,86,998,85,998,84,997,83,997,82,996,81,996,80,996,79,995,78,994,77,993,76,992,76,991,75,990,75,989,75,988,75,987,75,986,75
163,85,162,86,161,86,160,86,159,87,158,87,157,88,156,88,155,89,155,90,154,91,153,92,153,93,152,94,152,95,151,96,151,97,151,98,151,99,151,100,151,101,152,102,153,103,154,104,155,104,156,104,157,105,158,105,159,105,160,104,161,104,162,104,163,104,164,104,165,103,166,102,167,102,168,101,169,100,170,99,170,98,171,97,171,96,171,95,172,94,172,93,172,92,172,91,171,90,171,89,170,88,169,88,168,87,167,86,166,86,165,86,164,85
318,85,317,86,316,86,315,86,314,86,313,86,312,87,311,88,311,89,311,90,310,91,310,92,310,93,310,94,311,94,312,95,311,96,311,97,311,98,312,99,311,100,311,101,311,102,311,103,312,104,312,105,313,106,314,107,314,108,315,108,316,109,317,109,318,109,319,110,320,110,321,110,322,110,323,110,324,110,325,109,326,109,327,109,328,108,329,108,329,107,330,106,331,106,332,105,333,104,334,104,335,103,335,102,336,101,336,100,337,99,337,98,337,97,337,96,337,95,336,94,336,93,335,92,334,91,333,90,333,89,332,88,331,88,330,87,329,87,328,87,327,86,326,86,325,86,324,86,323,86,322,86,321,86,320,85,319,85
596,93,595,94,594,94,593,94,592,94,591,94,590,95,589,95,588,95,587,96,586,96,585,97,584,98,583,99,582,100,581,101,581,102,580,103,579,104,579,105,579,106,579,107,579,108,579,109,579,110,579,111,579,112,580,113,580,114,581,115,582,116,583,117,584,117,585,117,586,117,587,117,588,117,589,117,590,117,591,116,592,116,593,116,594,116,595,115,596,114,597,114,598,113,599,112,600,111,600,110,601,109,602,108,602,107,603,106,603,105,603,104,604,103,604,102,604,101,604,100,604,99,603,98,602,97,602,96,601,95,600,95,599,94,598,94,597,94
349,107,349,108,348,109,347,109,346,109,345,109,344,110,343,110,342,111,341,111,340,112,340,113,339,114,339,115,338,116,339,117,339,118,339,119,339,120,340,121,341,122,342,122,343,123,344,124,345,124,346,125,346,126,347,126,348,127,349,127,350,127,351,127,352,128,353,128,354,128,355,128,356,128,357,128,358,128,359,128,360,128,361,128,362,127,363,127,364,127,365,126,365,125,366,124,367,124,368,123,368,122,369,121,369,120,369,119,369,118,369,117,369,116,368,115,368,114,367,113,367,112,366,111,365,111,364,110,363,109,362,109,361,108,361,107,360,107,359,107,358,107,357,107,356,107,355,107,354,107,353,107,352,107,351,107,350,107
580,120,579,121,578,121,577,121,576,122,575,122,574,122,573,123,572,124,572,125,572,126,571,127,570,128,570,129,569,130,569,131,569,132,568,133,568,134,568,135,568,136,567,137,568,138,567,139,567,140,567,141,567,142,568,143,568,144,569,145,570,146,571,146,572,146,573,146,574,146,575,146,576,145,577,145,578,144,579,144,579,143,580,142,581,141,582,140,583,139,584,138,585,137,586,136,586,135,587,134,587,133,588,132,588,131,588,130,588,129,589,128,589,127,589,126,589,125,588,124,588,123,587,122,587,121,586,121,585,120,584,120,583,120,582,120,581,120
977,117,976,118,975,118,974,118,973,118,972,119,971,120,970,120,969,121,969,122,969,123,969,124,969,125,969,126,969,127,969,128,970,129,970,130,971,130,972,131,972,132,972,133,973,134,973,135,974,136,974,137,974,138,975,139,976,139,977,140,978,141,979,142,980,143,980,144,981,145,982,145,983,146,984,146,985,146,986,146,987,145,988,144,989,144,990,144,990,143,991,142,991,141,992,140,992,139,992,138,992,137,992,136,992,135,991,134,991,133,990,132,990,131,989,130,989,129,989,128,988,128,987,127,986,126,986,125,985,124,985,123,984,122,983,121,983,120,982,119,981,118,980,118,979,118,978,117
973,140,972,141,971,141,970,141,969,142,969,143,969,144,968,145,968,146,968,147,967,148,967,149,966,150,966,151,966,152,965,153,965,154,964,155,964,156,964,157,963,158,963,159,963,160,963,161,963,162,963,163,963,164,964,165,964,166,965,167,966,167,967,168,968,168,969,168,970,169,971,169,972,169,973,168,974,168,975,167,976,167,977,166,977,165,978,164,978,163,979,162,979,161,979,160,980,159,980,158,981,157,981,156,982,155,982,154,982,153,982,152,982,151,982,150,982,149,982,148,982,147,982,146,981,146,980,145,979,144,979,143,978,142,977,141,976,140,975,140,974,140
546,151,545,152,544,152,543,152,542,153,541,153,540,153,539,154,538,154,537,154,536,155,535,155,534,156,533,157,532,158,531,159,531,160,532,161,532,162,531,163,531,164,532,165,532,166,533,166,534,166,535,166,536,167,537,167,538,167,539,167,540,167,541,167,542,167,543,167,544,168,545,168,546,168,547,168,548,168,549,169,550,169,551,169,552,169,553,169,554,169,555,170,556,170,557,170,558,170,559,171,560,171,561,171,562,170,563,170,563,169,563,168,563,167,563,166,562,165,562,164,562,163,562,162,562,161,561,160,561,159,561,158,561,157,560,156,560,155,560,154,560,153,559,152,558,152,557,152,556,152,555,152,554,151,553,151,552,151,551,151,550,151,549,151,548,151,547,151
561,153,561,154,561,155,561,156,562,157,562,158,562,159,562,160,563,161,563,162,563,163,563,164,563,165,564,166,564,167,564,168,564,169,564,170,565,170,566,169,567,169,568,169,569,169,570,169,571,168,572,168,573,168,574,168,575,168,576,168,577,168,578,169,579,169,580,169,581,169,581,168,582,167,583,166,584,165,584,164,585,163,585,162,585,161,585,160,584,159,584,158,583,158,582,157,581,157,580,156,579,156,578,155,577,155,576,154,575,154,574,154,573,153,572,153,571,153,570,153,569,153,568,153,567,153,566,153,565,153,564,153,563,153,562,153
704,154,703,155,702,156,701,156,700,156,700,157,699,158,699,159,698,160,698,161,698,162,697,163,697,164,696,165,696,166,696,167,696,168,696,169,695,170,695,171,695,172,696,173,695,174,695,175,695,176,696,177,696,178,696,179,696,180,697,181,697,182,698,183,699,184,700,185,701,185,702,185,703,186,704,186,705,186,706,187,707,187,708,187,709,187,710,187,711,187,712,186,713,186,714,186,715,185,716,184,717,183,718,182,719,182,719,181,720,180,720,179,720,178,720,177,721,176,721,175,721,174,721,173,721,172,721,171,721,170,721,169,721,168,721,167,720,166,720,165,720,164,719,163,719,162,719,161,719,160,718,160,717,159,717,158,716,157,715,156,714,155,713,155,712,154,711,154,710,154,709,154,708,154,707,154,706,154,705,154
903,166,902,167,901,167,900,168,900,169,899,170,898,170,897,171,897,172,898,173,899,173,900,173,901,174,902,175,903,176,904,177,905,177,906,178,907,178,908,178,909,179,909,180,910,180,910,179,910,178,911,177,911,176,911,175,911,174,912,173,912,172,912,171,912,170,911,169,911,168,910,167,909,166,908,166,907,166,906,166,905,166,904,166
532,167,531,168,530,169,529,170,528,171,527,172,527,173,526,174,526,175,527,176,526,177,527,178,527,179,527,180,528,181,529,182,530,182,531,183,532,183,533,184,534,184,535,184,536,184,537,185,538,185,539,185,540,185,541,185,542,185,543,185,544,185,545,184,546,184,547,184,548,184,549,184,550,183,551,183,552,183,553,182,554,182,555,181,555,180,555,179,556,178,557,178,558,177,558,176,559,175,559,174,559,173,559,172,558,171,557,171,556,171,555,171,554,170,553,170,552,170,551,170,550,170,549,170,548,169,547,169,546,169,545,169,544,169,543,168,542,168,541,168,540,168,539,168,538,168,537,168,536,168,535,167,534,167,533,167
991,164,990,165,989,165,988,165,987,165,986,166,985,167,984,168,984,169,983,170,982,171,982,172,981,173,981,174,981,175,980,176,980,177,980,178,981,179,981,180,981,181,981,182,982,183,982,184,983,185,983,186,984,187,985,188,986,188,987,188,988,188,989,188,990,187,991,186,991,185,992,184,993,183,993,182,994,181,994,180,994,179,995,178,995,177,995,176,996,175,996,174,996,173,996,172,997,171,997,170,997,169,997,168,997,167,997,166,997,165,996,165,995,165,994,164,993,164,992,164
602,169,601,170,600,170,599,170,598,170,597,171,596,171,595,171,594,172,593,172,592,172,591,172,590,173,589,173,588,173,587,174,586,174,585,174,584,175,583,175,582,176,581,176,581,177,580,178,580,179,580,180,580,181,581,182,581,183,582,183,583,183,584,183,585,183,586,183,587,183,588,183,589,183,590,183,591,183,592,183,593,183,594,183,595,184,596,184,597,183,598,183,599,183,600,183,601,182,602,182,603,182,604,181,605,181,606,181,607,180,608,180,608,179,609,178,610,177,611,177,612,176,612,175,612,174,612,173,612,172,611,171,610,171,609,170,608,170,607,170,606,169,605,169,604,169,603,169
571,169,570,170,569,170,568,170,567,170,566,170,565,171,564,171,563,172,562,172,561,172,560,172,560,173,560,174,560,175,559,176,559,177,558,178,557,179,556,179,556,180,556,181,555,182,555,183,555,184,556,185,557,185,558,186,559,186,560,187,561,187,562,187,563,188,564,188,565,188,566,188,567,188,568,188,569,187,570,187,571,187,572,186,573,186,574,185,575,185,575,184,576,183,577,182,578,181,579,180,579,179,579,178,580,177,580,176,581,175,581,174,581,173,581,172,581,171,581,170,580,170,579,170,578,170,577,169,576,169,575,169,574,169,573,169,572,169
1002,164,1001,165,1000,165,999,165,998,165,998,166,998,167,998,168,998,169,998,170,998,171,997,172,997,173,997,174,997,175,996,176,996,177,996,178,995,179,995,180,995,181,994,182,994,183,993,184,992,185,992,186,991,187,990,188,989,189,988,189,988,190,989,190,990,191,990,192,990,193,991,194,991,195,992,196,992,197,992,198,993,199,993,200,994,201,994,202,995,203,995,204,996,205,996,206,997,207,998,207,999,208,1000,208,1001,208,1002,208,1003,208,1004,208,1005,208,1006,208,1007,208,1008,208,1009,208,1010,208,1011,207,1012,207,1013,207,1014,207,1015,206,1016,206,1017,205,1018,204,1019,203,1020,202,1020,201,1020,200,1021,199,1021,198,1021,197,1021,196,1022,195,1023,195,1023,194,1023,193,1023,192,1023,191,1023,190,1023,189,1023,188,1023,187,1023,186,1023,185,1023,184,1023,183,1023,182,1023,181,1023,180,1023,179,1023,178,1023,177,1023,176,1023,175,1023,174,1023,173,1023,172,1023,171,1023,170,1023,169,1022,169,1021,169,1020,168,1019,168,1018,168,1017,167,1016,167,1015,167,1014,166,1013,166,1012,165,1011,165,1010,165,1009,164,1008,164,1007,164,1006,164,1005,164,1004,164,1003,164
894,173,893,174,892,174,891,175,890,175,889,176,888,177,887,178,886,179,886,180,886,181,885,182,885,183,884,184,884,185,883,186,883,187,883,188,882,189,882,190,883,191,882,192,882,193,882,194,882,195,883,196,883,197,883,198,883,199,884,200,884,201,885,202,886,203,887,204,888,204,889,205,890,205,891,206,892,206,893,206,894,206,895,205,896,205,897,204,898,204,899,204,900,203,901,202,902,201,902,200,903,199,904,198,904,197,904,196,905,195,906,194,906,193,907,192,907,191,907,190,908,189,908,188,908,187,909,186,909,185,909,184,909,183,910,182,910,181,909,181,908,180,908,179,907,179,906,179,905,178,904,178,903,177,902,176,901,175,900,174,899,174,898,174,897,173,896,173,895,173
579,184,578,185,577,185,576,185,575,186,574,186,573,187,572,187,571,188,570,189,570,190,569,191,569,192,569,193,569,194,569,195,569,196,570,197,570,198,570,199,571,200,572,201,573,201,574,202,575,202,576,202,577,202,578,203,579,203,580,203,581,203,582,204,583,204,584,204,585,204,586,204,587,204,588,204,589,203,590,203,591,203,592,202,593,202,594,202,595,201,596,201,597,200,598,199,599,198,599,197,600,196,600,195,601,194,601,193,601,192,601,191,601,190,600,189,600,188,599,187,598,186,597,186,596,185,595,185,594,184,593,184,592,184,591,184,590,184,589,184,588,184,587,184,586,184,585,184,584,184,583,184,582,184,581,184,580,184
354,199,353,200,352,201,351,201,350,202,349,203,348,204,347,205,347,206,347,207,346,208,347,209,346,210,347,211,347,212,347,213,348,214,349,215,349,216,350,216,351,216,352,216,353,216,354,216,354,215,355,214,356,214,357,214,358,213,359,212,360,212,361,211,362,211,363,210,364,209,365,208,366,207,366,206,366,205,366,204,366,203,366,202,367,201,367,200,366,200,365,200,364,200,363,200,362,199,361,199,360,199,359,199,358,199,357,199,356,199,355,199
368,200,368,201,367,202,367,203,367,204,367,205,367,206,367,207,366,208,365,209,364,210,363,211,362,212,361,212,360,213,359,213,358,214,357,215,356,215,355,215,355,216,354,217,353,217,352,217,351,217,350,218,349,217,349,218,349,219,350,220,349,221,349,222,349,223,350,224,351,225,352,226,353,227,354,227,355,227,356,228,357,228,358,228,359,228,360,228,361,228,362,228,363,228,364,228,365,228,366,228,367,228,368,228,369,228,370,227,371,227,372,227,373,227,374,226,375,226,376,225,377,225,378,225,379,224,380,223,381,222,381,221,382,220,382,219,382,218,382,217,382,216,382,215,382,214,381,213,381,212,380,211,379,210,378,209,377,209,376,208,375,207,374,206,373,205,373,204,372,203,371,202,370,201,369,200
386,229,385,230,384,230,383,230,382,230,381,230,380,231,379,231,378,231,377,231,376,232,375,232,374,232,373,232,372,233,371,233,370,233,370,234,369,235,368,235,367,236,366,236,366,237,365,238,365,239,365,240,365,241,366,242,367,243,368,244,369,244,370,245,371,245,372,246,373,246,374,246,375,247,376,247,377,247,378,247,379,248,380,248,381,247,382,247,383,247,384,247,385,247,386,247,387,246,388,246,389,246,390,246,391,246,391,245,392,244,393,243,394,242,395,241,396,241,397,240,397,239,397,238,397,237,397,236,397,235,396,234,396,233,396,232,395,232,394,231,393,230,392,230,391,229,390,229,389,229,388,229,387,229
92,241,91,242,90,242,89,242,88,242,87,243,86,243,85,244,85,245,84,246,84,247,84,248,84,249,84,250,84,251,84,252,84,253,83,254,83,255,83,256,83,257,83,258,83,259,83,260,84,261,85,262,86,262,87,262,88,262,89,262,90,262,91,262,92,262,93,261,94,261,95,261,96,261,97,261,98,261,99,261,100,261,101,261,102,261,103,261,104,261,105,261,106,261,107,260,108,260,108,259,108,258,108,257,108,256,108,255,107,255,106,254,106,253,106,252,106,251,105,250,104,249,103,248,103,247,102,246,101,245,100,245,99,244,98,243,97,243,96,242,95,242,94,242,93,241
387,247,386,248,385,248,384,248,383,248,382,248,381,248,380,249,379,249,378,250,377,250,376,250,375,251,375,252,375,253,374,254,374,255,374,256,375,257,375,258,376,259,376,260,377,261,378,261,379,261,380,262,381,262,382,263,383,263,384,263,385,263,386,263,387,263,388,264,389,264,390,264,391,264,392,263,393,263,394,263,395,263,396,263,397,262,398,261,399,260,400,259,401,258,401,257,402,256,401,255,402,254,401,253,401,252,401,251,401,250,400,249,399,248,398,248,397,247,396,247,395,247,394,247,393,247,392,247,391,247,390,247,389,247,388,247
699,255,698,256,697,256,696,257,695,258,695,259,695,260,696,261,696,262,697,263,698,263,699,264,700,265,701,265,702,266,703,266,704,267,705,267,706,268,706,269,707,269,708,269,709,269,710,269,711,269,712,269,712,268,713,267,714,266,714,265,715,264,714,263,714,262,714,261,713,260,713,259,712,258,711,257,710,257,709,256,708,256,707,256,706,255,705,255,704,255,703,255,702,255,701,255,700,255
678,250,677,251,676,251,676,252,675,253,674,253,673,254,672,254,671,254,670,255,669,256,669,257,670,258,670,259,670,260,670,261,670,262,670,263,670,264,669,265,669,266,668,267,668,268,668,269,667,270,668,270,669,271,670,271,671,272,672,272,673,273,674,273,675,273,676,273,677,274,678,274,679,274,680,274,681,274,682,274,683,274,684,274,685,273,686,273,687,273,688,273,689,272,690,272,691,271,692,270,693,269,693,268,694,267,694,266,694,265,694,264,695,263,694,262,694,261,694,260,694,259,694,258,693,257,692,256,691,255,690,254,689,254,688,253,687,253,686,252,686,251,685,251,684,250,683,250,682,250,681,250,680,250,679,250
93,262,92,263,91,263,90,263,89,263,88,263,87,263,86,263,85,264,85,265,84,266,84,267,84,268,84,269,84,270,83,271,83,272,84,273,84,274,84,275,85,276,86,277,87,278,88,278,89,278,90,278,91,278,92,278,93,278,94,278,95,278,96,278,97,278,98,278,99,278,100,278,101,278,102,278,103,278,104,278,105,277,106,277,107,276,108,276,109,275,109,274,109,273,110,272,110,271,110,270,110,269,110,268,110,267,109,266,109,265,109,264,108,263,108,262,107,262,106,262,105,262,104,262,103,262,102,262,101,262,100,262,99,262,98,262,97,262,96,262,95,262,94,262
389,267,388,268,387,268,386,268,386,269,385,270,384,270,383,271,382,272,382,273,381,274,381,275,381,276,381,277,381,278,381,279,382,280,383,281,384,282,385,282,386,283,387,284,388,285,389,285,390,285,391,286,391,287,392,287,393,288,394,288,395,288,396,288,397,288,398,289,399,289,400,290,401,290,402,290,403,290,404,291,405,291,406,291,407,291,408,291,409,291,410,290,411,290,412,290,413,290,414,290,415,289,416,289,417,288,418,287,419,287,419,286,420,285,421,285,422,284,423,284,424,283,424,282,425,281,425,280,425,279,425,278,425,277,425,276,424,275,423,274,422,273,421,272,420,272,419,272,418,271,417,271,416,271,415,270,414,270,413,270,412,269,412,268,411,268,410,268,409,268,408,268,407,268,406,268,405,268,404,268,403,268,402,268,401,268,400,268,399,268,398,268,397,268,396,268,395,268,394,268,393,268,392,268,391,267,390,267
577,270,576,271,575,271,574,271,573,272,572,273,571,274,570,275,570,276,569,277,568,278,568,279,568,280,567,281,567,282,566,283,566,284,566,285,566,286,566,287,565,288,565,289,565,290,565,291,565,292,565,293,565,294,565,295,566,296,566,297,567,298,567,299,568,300,569,301,570,302,571,302,572,303,573,303,574,303,575,303,576,303,577,303,578,303,579,303,580,303,581,302,582,302,583,301,584,300,585,299,586,298,587,297,587,296,588,295,589,294,589,293,590,292,590,291,590,290,590,289,591,288,591,287,591,286,590,285,591,284,591,283,591,282,591,281,591,280,590,279,590,278,590,277,590,276,589,275,588,274,588,273,587,272,586,271,585,271,584,270,583,270,582,270,581,270,580,270,579,270,578,270
792,291,791,292,790,292,789,292,788,293,787,293,786,294,785,294,784,295,783,295,782,296,781,296,780,297,779,298,779,299,779,300,779,301,779,302,779,303,780,304,780,305,781,305,782,306,783,306,784,306,785,306,786,306,787,306,788,306,789,307,790,307,791,307,792,307,793,307,794,306,795,306,796,306,797,305,797,304,798,303,798,302,798,301,798,300,798,299,797,298,797,297,796,296,796,295,795,294,794,293,794,292,793,291
1012,290,1011,291,1010,291,1009,291,1008,291,1007,292,1006,292,1005,292,1004,293,1003,293,1002,294,1001,295,1001,296,1000,297,999,298,998,299,998,300,998,301,998,302,998,303,998,304,998,305,998,306,998,307,998,308,999,309,999,310,1000,311,1001,312,1001,313,1002,314,1003,314,1004,315,1005,316,1006,316,1007,316,1008,317,1009,317,1010,318,1011,318,1012,318,1013,319,1014,319,1015,319,1016,319,1017,320,1018,320,1019,320,1020,321,1021,321,1022,321,1023,321,1023,320,1023,319,1023,318,1023,317,1023,316,1023,315,1023,314,1023,313,1023,312,1023,311,1023,310,1023,309,1023,308,1023,307,1023,306,1023,305,1023,304,1023,303,1023,302,1023,301,1023,300,1023,299,1023,298,1023,297,1023,296,1023,295,1023,294,1023,293,1023,292,1023,291,1023,290,1022,291,1021,291,1020,291,1019,291,1018,291,1017,290,1016,290,1015,290,1014,290,1013,290
519,289,518,290,517,291,516,291,515,292,514,293,513,294,512,294,511,295,510,296,509,297,509,298,508,299,508,300,509,301,508,302,508,303,509,304,509,305,510,306,511,306,512,307,513,308,513,309,513,310,513,311,513,312,513,313,513,314,514,315,515,316,515,317,516,318,517,319,518,319,519,320,520,321,521,321,522,322,522,323,523,324,524,325,524,326,525,327,526,328,527,328,528,329,529,329,530,329,531,330,532,330,533,330,534,330,535,329,536,329,537,328,538,327,539,327,540,327,541,326,542,325,542,324,543,323,543,322,544,321,544,320,544,319,544,318,544,317,545,316,544,315,544,314,544,313,544,312,544,311,544,310,543,309,543,308,542,307,542,306,541,305,541,304,540,303,540,302,539,301,539,300,538,300,537,299,536,298,535,297,534,296,534,295,533,294,532,293,531,292,530,291,529,290,528,290,527,289,526,289,525,289,524,289,523,289,522,289,521,289,520,289
303,301,302,302,301,303,300,304,300,305,299,306,299,307,299,308,299,309,298,310,298,311,299,312,299,313,299,314,300,315,300,316,301,317,302,318,302,319,303,320,304,321,305,321,306,321,307,322,307,323,308,324,309,324,310,324,311,325,312,325,313,325,314,326,315,326,316,326,317,326,318,326,319,326,320,327,321,327,322,327,323,328,324,328,325,328,326,328,327,328,328,328,329,328,330,327,331,327,332,327,333,326,334,325,335,325,336,324,336,323,336,322,337,321,337,320,338,319,338,318,338,317,338,316,337,315,337,314,336,313,336,312,335,311,334,310,333,309,332,308,331,307,330,307,329,307,328,306,327,306,326,305,326,304,325,304,324,304,323,304,322,304,321,303,320,303,319,303,318,303,317,303,316,303,315,303,314,303,313,302,312,302,311,302,310,301,309,301,308,301,307,301,306,301,305,301,304,301
783,307,782,308,781,309,780,310,779,311,779,312,779,313,778,314,779,315,778,316,778,317,779,318,779,319,780,320,780,321,781,322,781,323,782,324,783,325,784,325,785,326,786,327,787,327,788,328,789,328,790,329,791,329,792,329,793,329,794,330,795,330,796,330,797,330,798,330,799,330,800,330,801,330,802,329,803,328,803,327,803,326,803,325,803,324,803,323,803,322,802,321,801,320,801,319,800,319,799,318,798,317,798,316,797,315,796,314,796,313,795,312,795,311,794,310,793,309,792,308,791,308,790,308,789,308,788,307,787,307,786,307,785,307,784,307
424,309,423,310,422,310,421,310,420,311,419,312,419,313,418,314,418,315,418,316,417,317,417,318,416,319,416,320,415,321,415,322,415,323,415,324,415,325,416,326,416,327,417,328,418,329,419,330,419,331,420,332,420,333,421,334,422,335,423,336,424,337,425,338,426,338,427,338,428,338,429,338,430,338,431,338,432,338,433,338,434,338,435,337,436,337,437,336,437,335,438,334,438,333,438,332,439,331,438,330,439,329,438,328,438,327,438,326,438,325,438,324,437,323,437,322,437,321,436,320,436,319,436,318,436,317,435,316,435,315,435,314,434,313,434,312,433,311,432,310,431,310,430,310,429,309,428,309,427,309,426,309,425,309
615,322,615,323,614,324,613,325,612,325,611,326,610,326,609,327,609,328,608,329,607,330,607,331,606,332,607,333,606,334,606,335,607,336,607,337,608,338,609,339,610,339,611,339,612,339,613,338,614,338,615,338,616,338,617,338,618,338,619,338,620,339,621,339,622,339,623,340,623,341,624,341,625,342,626,342,627,343,628,344,629,344,630,345,631,346,632,347,632,348,633,349,633,350,634,350,635,350,636,349,637,349,638,349,639,348,639,347,640,346,640,345,641,344,641,343,641,342,641,341,641,340,641,339,640,338,641,337,641,336,640,335,640,334,640,333,639,332,639,331,638,330,637,329,637,328,636,327,635,326,634,325,633,325,632,324,631,323,631,322,630,322,629,322,628,322,627,322,626,322,625,322,624,322,623,322,622,322,621,322,620,322,619,322,618,322,617,322,616,322
913,322,913,323,912,324,911,324,910,325,909,326,908,326,907,327,906,328,905,328,904,329,903,330,903,331,902,332,902,333,901,334,901,335,900,336,900,337,900,338,900,339,900,340,900,341,900,342,900,343,900,344,900,345,900,346,900,347,901,348,901,349,902,350,902,351,903,352,904,353,904,354,905,355,906,356,907,357,908,357,909,358,909,359,910,360,911,360,912,360,913,361,914,361,915,361,916,361,917,361,918,361,919,361,920,361,921,361,922,360,923,360,924,360,925,359,926,359,926,358,927,357,928,357,929,356,930,355,930,354,931,353,932,352,932,351,932,350,933,349,933,348,933,347,934,346,935,346,935,345,935,344,935,343,935,342,935,341,935,340,935,339,936,338,935,337,935,336,935,335,934,335,933,334,933,333,933,332,932,331,932,330,931,329,930,329,929,328,928,327,927,326,926,325,925,325,924,325,923,324,922,324,921,324,920,323,920,322,919,322,918,322,917,322,916,322,915,322,914,322
581,326,580,327,579,328,578,329,578,330,578,331,578,332,578,333,578,334,577,335,577,336,576,337,575,338,574,338,574,339,573,340,573,341,573,342,573,343,572,344,572,345,572,346,572,347,572,348,572,349,572,350,572,351,573,352,574,353,574,354,575,354,576,355,577,355,578,356,579,356,580,356,581,356,582,355,583,355,584,355,585,354,586,354,587,353,588,352,589,352,590,352,591,351,592,351,593,351,593,350,594,349,594,348,595,347,595,346,595,345,595,344,595,343,596,342,596,341,596,340,596,339,596,338,596,337,596,336,596,335,595,334,595,333,595,332,594,331,594,330,593,329,592,329,591,329,590,328,589,327,588,327,587,326,586,326,585,326,584,326,583,326,582,326
613,339,612,340,611,340,610,340,609,340,609,341,609,342,609,343,608,344,608,345,608,346,608,347,609,348,609,349,610,350,610,351,611,351,612,351,613,352,614,352,615,352,616,352,617,353,618,353,619,353,620,353,621,354,622,354,623,355,624,355,625,355,626,356,627,356,628,356,629,356,630,356,631,356,631,355,632,354,632,353,632,352,632,351,632,350,632,349,631,348,631,347,630,346,629,345,628,345,627,344,626,343,625,343,624,342,623,342,622,341,622,340,621,340,620,340,619,339,618,339,617,339,616,339,615,339,614,339
337,335,337,336,337,337,337,338,336,339,336,340,336,341,336,342,335,343,335,344,334,345,333,346,333,347,332,348,332,349,333,349,334,350,335,350,336,351,337,351,338,351,339,351,340,351,341,351,342,351,343,351,344,351,345,350,346,350,347,350,347,349,348,348,348,347,349,346,349,345,349,344,349,343,350,342,349,341,349,340,349,339,349,338,348,337,347,336,346,336,345,335,344,335,343,336,342,336,341,336,340,336,339,336,338,335
376,334,375,335,374,335,373,335,372,336,371,336,370,337,369,337,368,338,367,339,366,340,366,341,366,342,365,343,364,344,364,345,364,346,364,347,363,348,363,349,364,350,363,351,363,352,364,353,364,354,365,355,365,356,366,357,366,358,366,359,367,360,368,361,369,362,370,363,371,363,372,364,373,364,374,364,375,364,376,364,377,364,378,364,379,364,380,364,381,364,382,363,383,363,384,362,385,362,386,361,387,360,388,359,388,358,389,357,390,356,390,355,390,354,390,353,390,352,390,351,390,350,390,349,390,348,390,347,390,346,390,345,390,344,390,343,390,342,389,341,389,340,389,339,388,338,388,337,387,336,386,335,385,335,384,334,383,334,382,334,381,334,380,334,379,334,378,334,377,334
321,330,320,331,319,331,318,332,317,333,317,334,316,335,316,336,315,337,315,338,314,339,314,340,314,341,313,342,312,343,311,344,310,345,310,346,309,347,309,348,309,349,308,350,308,351,308,352,308,353,307,354,308,355,307,356,307,357,307,358,307,359,307,360,308,361,308,362,309,363,309,364,310,365,311,366,312,366,313,366,314,367,315,367,316,367,317,366,318,366,319,366,319,365,319,364,319,363,320,362,320,361,321,360,322,359,322,358,323,357,324,357,325,356,325,355,326,354,327,353,328,352,328,351,328,350,329,349,330,349,331,348,332,347,332,346,333,345,334,344,334,343,335,342,335,341,335,340,335,339,336,338,336,337,336,336,336,335,335,334,334,333,333,332,332,332,331,331,330,331,329,330,328,330,327,330,326,330,325,330,324,330,323,330,322,330
1000,339,999,340,998,340,998,341,997,342,996,342,996,343,995,344,994,345,994,346,993,347,993,348,993,349,993,350,993,351,994,352,994,353,994,354,995,355,995,356,996,357,997,358,997,359,998,360,999,360,1000,361,1001,362,1002,362,1003,363,1004,363,1005,364,1006,364,1007,364,1008,365,1009,366,1010,367,1011,368,1012,369,1012,370,1013,371,1014,372,1015,372,1016,373,1017,373,1018,373,1019,373,1020,373,1021,373,1022,373,1023,374,1023,373,1023,372,1023,371,1023,370,1023,369,1023,368,1023,367,1023,366,1023,365,1023,364,1023,363,1023,362,1023,361,1022,360,1023,359,1023,358,1023,357,1023,356,1023,355,1023,354,1023,353,1023,352,1023,351,1023,350,1022,350,1021,349,1020,348,1019,347,1018,346,1017,345,1016,344,1015,343,1014,342,1013,342,1012,342,1011,341,1011,340,1010,340,1009,339,1008,339,1007,339,1006,339,1005,339,1004,339,1003,339,1002,339,1001,339
502,342,501,343,500,343,499,344,498,344,497,345,496,346,495,347,494,347,493,348,492,349,491,350,491,351,490,352,490,353,489,354,489,355,489,356,489,357,489,358,489,359,489,360,489,361,490,362,490,363,490,364,491,365,491,366,491,367,491,368,492,369,492,370,493,370,494,371,494,372,495,372,496,372,497,372,498,372,499,373,500,373,501,372,502,372,503,371,504,371,505,371,506,370,507,370,508,369,509,368,510,368,511,367,512,366,512,365,513,364,513,363,513,362,514,361,514,360,514,359,514,358,514,357,514,356,514,355,514,354,514,353,515,352,514,351,515,350,515,349,515,348,515,347,514,346,514,345,513,344,512,343,511,342,510,342,509,342,508,342,507,342,506,342,505,342,504,342,503,342
552,346,551,347,550,347,549,348,548,349,548,350,547,351,547,352,547,353,547,354,547,355,547,356,548,357,547,358,547,359,547,360,547,361,547,362,548,363,548,364,548,365,548,366,549,367,549,368,549,369,549,370,550,371,550,372,551,373,552,374,553,374,554,375,555,376,555,377,556,377,557,377,558,378,559,378,560,378,561,379,562,379,563,378,564,378,565,378,566,377,567,377,567,376,568,375,569,374,570,373,571,372,572,371,573,370,574,369,575,369,575,368,576,367,576,366,576,365,576,364,576,363,577,362,577,361,577,360,576,359,576,358,576,357,576,356,575,355,574,355,573,354,573,353,572,352,571,351,570,350,569,350,568,349,567,348,566,348,565,347,564,347,563,347,562,346,561,346,560,346,559,346,558,346,557,346,556,346,555,346,554,346,553,346
331,349,330,350,330,351,329,352,328,353,327,354,326,355,326,356,325,357,324,358,323,358,323,359,322,360,321,361,321,362,320,363,320,364,320,365,320,366,321,366,322,366,323,367,324,367,325,367,326,368,327,369,327,370,328,371,329,371,330,372,331,373,332,373,333,373,334,373,335,373,336,373,337,373,338,372,339,372,340,371,341,371,342,371,343,370,344,370,345,369,346,368,347,368,348,367,348,366,349,365,349,364,349,363,349,362,349,361,349,360,348,359,348,358,348,357,348,356,347,355,347,354,347,353,346,352,345,352,344,352,343,352,342,352,341,352,340,352,339,352,338,352,337,352,336,352,335,351,334,351,333,350,332,350
591,352,590,353,589,353,588,353,587,354,586,355,585,355,584,356,583,356,582,356,581,357,580,357,579,358,579,359,579,360,578,361,578,362,577,363,577,364,577,365,577,366,577,367,576,368,577,369,577,370,577,371,577,372,578,373,578,374,578,375,579,376,579,377,579,378,580,379,581,379,582,380,583,380,584,380,585,380,586,380,587,380,588,379,589,379,590,378,591,377,592,377,593,377,593,376,594,375,595,374,596,374,597,373,598,372,599,371,599,370,600,369,600,368,601,367,601,366,601,365,601,364,601,363,601,362,600,361,600,360,600,359,600,358,599,357,599,356,598,355,597,354,596,353,595,353,594,352,593,352,592,352
372,365,371,366,371,367,371,368,372,369,373,370,374,371,375,371,376,372,377,372,378,372,379,373,380,373,381,373,382,374,383,374,384,374,385,374,386,374,387,375,388,375,387,374,388,373,388,372,387,371,387,370,386,369,386,368,385,368,384,367,383,366,382,366,381,365,380,365,379,365,378,365,377,365,376,365,375,365,374,365,373,365
963,357,962,358,961,358,961,359,960,360,960,361,959,362,959,363,959,364,960,365,960,366,960,367,960,368,960,369,960,370,961,371,961,372,962,373,962,374,962,375,962,376,962,377,963,378,964,379,965,379,966,379,967,379,968,380,969,380,970,379,971,379,972,379,972,378,972,377,972,376,972,375,972,374,972,373,971,372,971,371,970,371,969,370,969,369,968,368,968,367,967,366,967,365,968,364,968,363,968,362,968,361,967,360,966,359,966,358,965,358,964,357
981,355,980,356,979,356,978,357,977,358,977,359,976,360,975,360,974,360,973,360,972,361,971,361,970,361,969,361,969,362,969,363,969,364,968,365,968,366,969,367,969,368,970,369,970,370,971,370,972,371,972,372,973,373,973,374,973,375,973,376,973,377,973,378,973,379,974,380,974,381,974,382,975,383,976,384,977,385,978,386,979,387,980,388,981,388,982,389,983,389,984,390,985,390,986,390,987,390,988,391,989,391,990,391,991,391,992,391,993,391,994,391,995,391,996,391,997,390,998,390,999,389,999,388,999,387,999,386,1000,385,1000,384,1000,383,1000,382,1001,381,1001,380,1001,379,1001,378,1001,377,1001,376,1000,375,1000,374,1000,373,1000,372,999,371,999,370,998,369,998,368,997,367,997,366,996,365,995,364,994,363,993,362,992,361,991,360,990,359,990,358,989,357,988,357,987,356,986,356,985,355,984,355,983,355,982,355
364,368,363,369,362,370,361,370,360,371,359,371,358,372,357,373,357,374,357,375,356,376,356,377,357,378,357,379,357,380,358,381,359,382,360,382,361,383,362,384,363,384,364,385,365,386,366,386,367,387,368,388,369,388,370,388,371,389,372,389,373,389,374,390,375,390,376,390,377,389,378,389,379,389,380,389,381,389,382,389,383,388,384,387,385,387,386,386,387,385,387,384,388,383,388,382,388,381,388,380,388,379,388,378,387,377,387,376,386,375,385,375,384,375,383,375,382,375,381,374,380,374,379,374,378,373,377,373,376,373,375,372,374,372,373,371,372,370,371,369,370,368,369,368,368,368,367,368,366,368,365,368
451,369,450,370,449,370,448,370,447,371,446,372,445,372,444,373,443,374,443,375,442,376,442,377,442,378,442,379,442,380,443,381,443,382,444,383,444,384,445,385,445,386,445,387,446,388,446,389,447,390,448,391,448,392,449,392,450,392,451,393,452,393,453,393,454,393,455,393,456,393,457,393,458,392,459,391,460,390,461,389,462,388,463,387,464,387,465,386,466,385,467,384,468,384,469,383,470,382,470,381,469,380,470,379,470,378,470,377,470,376,470,375,469,374,469,373,468,373,467,373,466,372,465,371,464,371,463,370,462,370,461,369,460,369,459,369,458,369,457,369,456,369,455,369,454,369,453,369,452,369
266,373,265,374,264,374,263,375,262,376,262,377,261,378,260,379,260,380,259,381,259,382,259,383,260,384,259,385,259,386,259,387,260,388,260,389,261,390,262,391,263,392,264,393,265,393,266,393,267,393,268,394,268,395,269,395,270,395,270,394,271,393,272,393,273,392,274,392,274,391,275,390,275,389,275,388,275,387,275,386,274,385,275,384,275,383,275,382,275,381,275,380,275,379,274,378,274,377,274,376,273,375,273,374,272,374,271,373,270,373,269,373,268,373,267,373
492,373,491,374,490,375,489,375,489,376,489,377,488,378,488,379,488,380,488,381,488,382,488,383,488,384,488,385,489,386,490,387,491,388,492,389,493,390,494,391,495,392,496,393,497,394,497,395,498,395,499,395,500,395,501,396,502,396,503,395,504,395,505,395,506,395,507,395,507,394,508,393,509,393,510,393,511,392,512,391,513,391,513,390,514,389,514,388,514,387,514,386,514,385,514,384,514,383,514,382,513,381,512,380,511,379,510,378,509,378,508,378,507,377,507,376,506,376,505,376,504,376,503,376,502,375,501,374,500,374,499,374,498,373,497,373,496,373,495,373,494,373,493,373
613,369,612,370,611,370,610,370,609,370,608,371,607,371,606,372,606,373,605,374,604,374,603,375,602,375,601,376,600,376,600,377,599,378,598,378,598,379,597,380,597,381,597,382,598,383,597,384,597,385,597,386,597,387,597,388,598,389,598,390,599,391,600,392,601,393,602,394,602,395,602,396,603,397,604,398,604,399,605,400,606,401,607,401,608,402,609,402,610,402,611,402,612,401,613,401,614,401,615,401,616,400,617,400,618,399,618,398,619,397,619,396,619,395,619,394,619,393,620,392,620,391,620,390,620,389,621,388,621,387,621,386,620,385,620,384,620,383,620,382,620,381,619,380,619,379,618,378,618,377,618,376,617,375,617,374,616,373,615,372,615,371,614,370
637,368,636,369,635,369,634,370,633,371,632,372,632,373,631,374,631,375,630,376,630,377,630,378,630,379,629,380,628,380,627,381,627,382,626,383,625,384,625,385,624,386,623,387,622,388,621,389,621,390,621,391,621,392,621,393,620,394,620,395,620,396,620,397,619,398,619,399,620,400,620,401,620,402,621,403,621,404,622,405,623,406,624,406,625,407,626,407,627,408,628,408,629,408,630,408,631,408,632,408,633,408,634,408,635,408,636,407,637,407,638,407,639,406,640,405,641,404,642,403,642,402,643,401,643,400,644,399,644,398,644,397,644,396,645,395,645,394,645,393,645,392,645,391,645,390,645,389,644,388,645,387,644,386,645,385,645,384,645,383,646,382,647,382,648,382,648,381,648,380,647,379,646,379,645,378,645,377,645,376,645,375,644,374,644,373,644,372,643,371,642,370,641,369,640,369,639,368,638,368
0,381,0,382,0,383,0,384,0,385,0,386,0,387,0,388,0,389,0,390,0,391,0,392,0,393,0,394,0,395,0,396,0,397,0,398,0,399,0,400,0,401,0,402,0,403,0,404,1,404,2,404,3,403,4,403,5,402,6,401,7,401,8,400,8,399,9,398,9,397,9,396,9,395,9,394,9,393,9,392,9,391,9,390,8,389,8,388,7,387,6,386,5,385,4,384,3,383,2,382,1,381
341,383,340,384,339,384,338,384,337,385,336,385,335,386,334,386,333,387,332,388,331,389,331,390,330,391,330,392,329,393,329,394,329,395,329,396,328,397,329,398,329,399,329,400,329,401,330,402,331,403,332,404,333,405,334,405,335,406,336,406,337,406,338,407,339,407,340,407,341,407,342,407,343,407,344,407,345,407,346,406,347,406,348,406,349,406,350,405,351,405,352,405,353,404,354,404,355,403,356,402,357,402,357,401,358,400,359,399,360,399,360,398,361,397,361,396,361,395,361,394,360,393,361,392,361,391,361,390,360,389,360,388,359,388,358,387,357,386,356,385,355,385,354,385,353,384,352,384,351,384,350,383,349,383,348,383,347,383,346,383,345,383,344,383,343,383,342,383
470,383,469,384,468,385,467,385,466,386,465,387,464,388,463,388,462,389,461,390,460,391,459,392,458,393,457,394,456,394,456,395,456,396,456,397,456,398,456,399,456,400,456,401,456,402,456,403,456,404,457,405,457,406,457,407,458,408,458,409,459,410,460,411,461,412,461,413,462,414,463,414,464,415,465,415,466,415,467,415,468,415,469,415,470,415,471,415,472,415,473,414,474,414,475,413,476,413,476,412,477,411,478,410,479,409,480,409,480,408,481,407,482,406,483,405,483,404,484,403,484,402,485,401,486,401,486,400,486,399,486,398,485,398,484,397,485,396,486,396,486,395,486,394,486,393,486,392,485,392,484,391,484,390,483,389,483,388,482,387,481,386,480,385,479,384,478,384,477,384,476,383,475,383,474,383,473,383,472,383,471,383
963,399,962,400,961,400,960,400,959,401,958,401,957,402,957,403,956,404,956,405,955,406,955,407,955,408,955,409,956,410,956,411,957,412,957,413,957,414,958,415,959,416,960,417,961,418,962,418,963,419,964,419,965,419,966,419,967,419,968,419,969,419,970,418,971,418,972,418,973,417,974,416,975,415,975,414,976,413,976,412,976,411,976,410,976,409,976,408,976,407,976,406,975,405,974,404,973,403,972,402,971,402,970,402,969,401,968,401,967,401,966,400,965,400,964,399
501,401,500,402,499,402,498,402,497,403,496,404,495,405,494,406,493,407,492,408,492,409,491,410,491,411,491,412,491,413,491,414,491,415,491,416,491,417,492,418,492,419,493,420,494,421,495,422,496,422,497,423,498,423,499,423,500,423,501,423,502,423,503,423,504,423,505,423,506,423,507,423,508,423,509,423,510,423,511,423,512,423,513,422,514,422,515,422,516,421,517,420,518,419,519,418,519,417,519,416,520,415,521,415,521,414,521,413,521,412,521,411,520,411,519,410,519,409,519,408,518,407,518,406,517,405,516,404,515,403,514,403,513,402,512,402,511,401,510,401,509,401,508,401,507,401,506,401,505,401,504,401,503,401,502,401
31,393,30,394,29,394,29,395,28,396,28,397,27,398,27,399,27,400,26,401,26,402,25,403,25,404,24,405,24,406,23,407,22,408,22,409,22,410,21,411,20,412,20,413,19,414,19,415,18,416,17,416,16,417,16,418,16,419,15,420,15,421,15,422,15,423,15,424,16,425,16,426,17,427,17,428,18,428,19,429,20,429,21,429,22,429,23,429,24,429,25,429,26,429,27,429,28,429,29,430,29,431,30,431,31,431,32,432,33,432,34,431,34,430,35,429,36,429,37,429,38,428,39,427,40,426,41,425,41,424,42,423,42,422,43,421,43,420,43,419,43,418,44,417,44,416,44,415,45,414,45,413,45,412,44,411,45,410,45,409,45,408,44,407,44,406,44,405,44,404,43,403,43,402,43,401,42,400,42,399,41,398,40,397,39,396,38,395,38,394,37,394,36,393,35,393,34,393,33,393,32,393
0,405,0,406,0,407,0,408,0,409,0,410,0,411,0,412,0,413,0,414,0,415,0,416,0,417,0,418,0,419,0,420,0,421,0,422,0,423,0,424,0,425,0,426,0,427,0,428,0,429,0,430,0,431,1,431,1,430,2,429,3,428,4,427,5,427,6,426,7,426,8,425,9,424,10,423,10,422,11,421,11,420,11,419,11,418,11,417,11,416,11,415,11,414,10,413,10,412,10,411,9,410,9,409,8,408,7,407,6,407,5,406,4,405,3,405,2,405,1,405
19,430,19,431,19,432,20,433,20,434,20,435,20,436,21,437,22,438,23,439,24,439,25,439,26,439,27,439,28,439,29,439,30,438,31,438,32,437,33,436,33,435,33,434,33,433,32,433,31,432,30,432,29,432,28,431,28,430,27,430,26,430,25,430,24,430,23,430,22,430,21,430,20,430
596,421,595,422,594,422,593,423,592,423,591,424,590,425,590,426,589,427,589,428,589,429,589,430,589,431,589,432,589,433,589,434,588,435,588,436,589,437,588,438,589,439,589,440,589,441,589,442,590,443,590,444,590,445,591,446,592,447,592,448,592,449,593,449,594,450,595,451,596,452,597,452,598,453,599,454,600,454,601,454,602,455,603,455,604,455,605,455,606,455,607,455,608,455,609,455,610,455,611,455,612,454,613,454,614,453,615,452,616,452,616,451,617,450,617,449,617,448,617,447,618,446,618,445,618,444,617,443,618,442,617,441,617,440,617,439,617,438,616,437,616,436,615,435,614,434,614,433,613,432,613,431,613,430,612,429,611,428,610,428,609,427,608,426,607,425,606,424,605,424,604,423,603,422,602,422,601,422,600,422,599,421,598,421,597,421
0,440,0,441,0,442,0,443,0,444,0,445,0,446,0,447,0,448,0,449,0,450,0,451,0,452,0,453,0,454,0,455,0,456,0,457,0,458,0,459,0,460,0,461,0,462,0,463,1,463,2,463,3,462,4,463,5,464,6,464,7,464,8,464,9,464,10,464,11,464,12,464,13,464,14,464,15,464,16,464,17,464,18,464,19,464,20,463,21,463,21,462,22,461,22,460,23,459,23,458,22,457,22,456,22,455,22,454,21,453,21,452,21,451,20,450,19,449,19,448,19,447,18,447,17,447,16,446,15,445,14,444,13,444,12,443,11,443,10,443,9,442,8,442,7,442,6,442,5,441,4,441,3,441,2,441,1,440
357,447,356,448,355,448,354,448,354,449,353,450,352,451,351,452,351,453,351,454,350,455,350,456,350,457,351,458,351,459,352,460,353,461,354,461,355,462,356,462,357,463,358,463,359,464,360,464,361,464,362,464,363,463,364,462,365,461,366,461,367,460,368,460,369,460,370,459,371,458,372,457,373,456,374,456,375,455,374,454,374,453,374,452,373,451,373,450,372,449,372,448,371,448,370,447,369,447,368,447,367,447,366,447,365,447,364,447,363,447,362,447,361,447,360,447,359,447,358,447
375,456,374,457,373,457,372,458,371,459,370,460,369,461,368,461,367,461,366,462,365,462,364,463,363,464,362,465,363,466,363,467,364,468,365,468,366,469,367,469,368,470,369,471,370,472,371,473,372,473,373,474,374,474,375,475,376,475,377,475,378,475,379,474,380,474,381,473,381,472,382,471,383,470,383,469,383,468,384,467,384,466,384,465,384,464,384,463,384,462,384,461,384,460,384,459,383,458,382,457,381,456,380,456,379,456,378,456,377,456,376,456
16,468,15,469,14,469,14,470,13,471,13,472,13,473,13,474,13,475,13,476,14,477,15,478,16,479,16,480,17,481,18,481,19,481,20,482,21,483,22,483,23,484,23,485,24,486,25,486,26,487,27,487,28,487,29,487,30,487,31,487,32,487,33,487,34,487,35,487,36,487,37,486,38,486,39,486,40,486,41,485,41,484,42,483,42,482,42,481,42,480,42,479,42,478,42,477,41,476,40,475,39,475,38,474,37,473,36,473,35,473,34,472,33,472,32,471,31,471,30,470,29,470,28,469,27,469,26,468,25,468,24,468,23,468,22,468,21,468,20,468,19,468,18,468,17,468
419,471,418,472,417,472,416,473,415,474,415,475,414,476,413,476,413,477,413,478,413,479,414,479,415,480,415,481,416,482,417,482,418,483,419,484,419,485,420,486,421,486,422,487,423,487,424,488,425,488,426,488,427,489,428,489,429,489,430,489,431,490,432,490,433,490,434,490,435,490,436,490,437,490,438,490,439,490,440,490,441,489,442,489,443,489,443,488,443,487,443,486,444,485,444,484,444,483,444,482,443,481,442,480,442,479,441,478,440,477,439,476,438,475,437,474,436,473,435,473,434,472,433,472,432,471,431,471,430,471,429,471,428,471,427,471,426,471,425,471,424,471,423,471,422,471,421,471,420,471
5,480,4,481,3,481,2,482,1,481,0,481,0,482,0,483,0,484,0,485,0,486,0,487,0,488,0,489,0,490,0,491,0,492,0,493,0,494,0,495,0,496,0,497,0,498,0,499,0,500,0,501,0,502,0,503,1,503,2,503,3,503,4,504,5,504,6,505,7,505,8,505,9,505,10,505,11,504,12,504,13,504,14,503,15,503,15,502,16,501,17,500,18,500,19,500,20,499,21,498,21,497,22,496,23,495,24,494,24,493,25,492,25,491,25,490,25,489,24,488,24,487,23,486,22,485,22,484,21,484,20,483,19,482,18,482,17,482,16,481,15,481,14,481,13,480,12,480,11,480,10,480,9,480,8,480,7,480,6,480
949,478,948,479,947,479,946,480,945,480,944,481,943,481,942,482,941,483,940,484,940,485,939,486,938,487,938,488,937,489,937,490,936,491,936,492,935,493,934,493,934,494,934,495,934,496,934,497,934,498,935,498,936,499,936,500,936,501,937,502,937,503,938,504,939,505,940,505,941,506,942,506,943,506,944,507,945,507,946,507,947,507,948,507,949,506,950,506,951,506,952,506,953,506,954,506,955,506,956,505,957,505,958,505,959,504,959,503,959,502,960,501,960,500,960,499,961,498,961,497,961,496,962,495,962,494,962,493,963,492,963,491,963,490,964,489,964,488,964,487,964,486,964,485,964,484,964,483,964,482,964,481,964,480,963,480,962,479,961,479,960,478,959,478,958,478,957,478,956,478,955,478,954,478,953,478,952,478,951,478,950,478
1005,477,1004,478,1003,478,1002,478,1001,479,1000,479,999,480,998,481,997,482,996,483,995,484,995,485,994,486,993,487,993,488,992,489,992,490,991,491,991,492,990,493,990,494,989,495,988,495,988,496,988,497,988,498,988,499,988,500,988,501,988,502,988,503,989,503,990,504,990,505,991,506,992,507,993,507,994,507,995,508,996,508,997,507,998,507,999,506,1000,506,1001,505,1002,504,1003,504,1004,503,1004,502,1005,501,1006,501,1007,501,1008,500,1009,499,1010,499,1011,498,1012,498,1013,497,1014,496,1015,495,1015,494,1016,493,1016,492,1016,491,1017,490,1017,489,1017,488,1016,487,1016,486,1016,485,1016,484,1016,483,1015,482,1014,481,1013,480,1012,479,1011,478,1010,478,1009,478,1008,477,1007,477,1006,477
447,482,446,483,445,483,445,484,445,485,444,486,444,487,444,488,444,489,445,490,446,491,446,492,447,493,447,494,448,495,448,496,448,497,448,498,449,499,449,500,450,500,451,501,451,502,451,503,452,504,452,505,453,506,454,507,455,508,456,509,457,509,458,509,459,509,460,509,461,509,462,508,463,508,464,508,465,507,466,506,467,505,468,505,468,504,468,503,468,502,468,501,468,500,468,499,468,498,468,497,468,496,467,496,466,495,466,494,465,493,465,492,464,491,463,490,462,489,461,489,460,488,459,488,458,487,457,487,456,487,455,486,454,486,453,485,453,484,452,483,451,483,450,482,449,482,448,482
965,479,965,480,965,481,965,482,965,483,965,484,965,485,965,486,965,487,965,488,965,489,964,490,964,491,964,492,963,493,963,494,963,495,962,496,962,497,962,498,961,499,961,500,961,501,960,502,960,503,960,504,959,505,960,506,961,507,961,508,962,509,963,510,964,511,965,512,966,513,967,513,968,514,969,514,970,514,971,514,972,514,973,514,974,514,975,514,976,513,977,513,978,512,979,511,980,511,981,510,982,509,982,508,983,507,983,506,984,505,984,504,984,503,984,502,984,501,984,500,983,499,984,498,984,497,984,496,984,495,983,494,983,493,983,492,982,491,982,490,981,489,981,488,980,487,980,486,980,485,980,484,980,483,979,482,978,481,977,480,976,479,975,479,974,479,973,479,972,479,971,479,970,479,969,479,968,479,967,479,966,479
371,482,370,483,369,483,368,484,368,485,368,486,367,487,367,488,367,489,367,490,367,491,367,492,367,493,367,494,366,495,366,496,366,497,366,498,366,499,366,500,366,501,367,502,367,503,367,504,368,505,369,506,370,507,371,507,372,508,373,509,374,510,375,510,376,511,377,512,378,512,379,513,380,513,381,513,382,513,383,514,384,514,385,514,386,514,387,514,388,513,389,513,390,513,391,513,392,512,393,512,393,511,394,510,394,509,395,508,396,508,396,507,396,506,396,505,396,504,395,504,394,503,394,502,394,501,393,500,393,499,392,498,391,497,390,496,389,495,388,494,387,494,386,493,385,492,384,491,383,490,383,489,382,488,381,488,380,487,379,486,378,485,378,484,377,484,376,483,375,483,374,483,373,483,372,483
1013,498,1012,499,1011,499,1010,500,1009,500,1008,501,1007,502,1006,502,1005,502,1005,503,1004,504,1003,505,1002,505,1001,506,1000,507,999,507,998,508,997,508,996,509,995,510,995,511,994,512,993,513,993,514,993,515,993,516,992,517,992,518,992,519,992,520,992,521,993,522,993,523,994,524,994,525,995,526,995,527,996,528,997,529,998,529,999,529,1000,530,1001,530,1002,530,1003,530,1004,530,1005,530,1006,529,1007,529,1008,529,1009,529,1010,528,1011,528,1012,527,1013,527,1014,527,1015,526,1016,525,1017,524,1018,524,1019,523,1020,522,1021,522,1022,521,1023,522,1023,521,1023,520,1023,519,1023,518,1023,517,1023,516,1023,515,1023,514,1023,513,1023,512,1023,511,1023,510,1023,509,1023,508,1023,507,1023,506,1023,505,1023,504,1023,503,1023,502,1023,501,1023,500,1023,499,1022,500,1021,500,1020,499,1019,499,1018,499,1017,499,1016,499,1015,499,1014,499
852,497,851,498,850,499,849,499,848,500,847,501,847,502,847,503,846,504,846,505,845,506,844,506,844,507,844,508,844,509,844,510,843,511,843,512,843,513,844,514,843,515,844,516,844,517,844,518,845,518,846,519,846,520,846,521,847,522,847,523,848,524,849,525,849,526,850,527,851,528,852,528,853,529,854,530,855,531,856,531,857,532,858,533,859,533,860,533,861,534,862,534,863,534,864,534,865,534,866,534,867,535,868,535,869,534,870,534,871,534,872,534,873,533,874,533,875,532,876,532,877,531,878,530,878,529,879,528,879,527,879,526,880,525,881,525,881,524,881,523,881,522,881,521,881,520,881,519,880,519,879,518,878,517,878,516,877,515,876,514,876,513,875,512,874,511,874,510,873,509,872,508,871,507,871,506,870,505,869,504,868,503,868,502,867,501,866,500,865,499,864,498,863,498,862,498,861,497,860,497,859,497,858,497,857,497,856,497,855,497,854,497,853,497
471,516,470,517,469,518,468,519,467,519,467,520,466,521,466,522,465,523,465,524,465,525,465,526,464,527,464,528,464,529,464,530,464,531,463,532,463,533,463,534,464,535,463,536,463,537,463,538,463,539,463,540,463,541,463,542,464,543,464,544,464,545,465,546,465,547,466,548,466,549,467,550,467,551,468,551,469,552,470,552,471,553,472,553,473,553,474,553,475,553,476,552,477,551,478,550,479,549,480,548,480,547,481,546,481,545,481,544,482,543,482,542,482,541,483,540,483,539,483,538,483,537,484,536,484,535,484,534,484,533,483,532,484,531,484,530,484,529,484,528,484,527,484,526,484,525,483,524,483,523,482,522,482,521,481,520,481,519,480,518,479,517,478,516,477,516,476,516,475,516,474,516,473,516,472,516
413,524,412,525,411,525,410,526,409,527,408,528,408,529,408,530,408,531,408,532,409,533,408,534,408,535,409,536,409,537,409,538,409,539,410,540,411,541,411,542,412,543,413,544,414,544,415,545,415,546,416,547,416,548,417,549,418,549,419,549,420,549,421,549,422,549,423,549,424,549,425,548,426,547,426,546,427,545,427,544,428,543,428,542,428,541,429,540,429,539,429,538,429,537,429,536,429,535,429,534,428,533,428,532,427,531,427,530,426,529,425,529,424,528,423,527,422,526,421,526,420,525,419,525,418,525,417,525,416,525,415,524,414,524
558,515,557,516,556,516,555,516,554,516,553,517,552,517,551,518,551,519,551,520,550,521,550,522,550,523,550,524,550,525,550,526,550,527,551,528,551,529,552,530,552,531,553,532,553,533,553,534,554,535,554,536,554,537,554,538,554,539,555,540,555,541,555,542,556,543,556,544,556,545,556,546,557,546,558,547,558,548,558,549,559,550,560,551,560,552,561,553,562,554,563,554,564,555,564,556,565,556,566,556,567,557,568,557,569,557,570,557,571,557,572,557,573,556,574,556,575,556,576,556,576,555,577,554,578,553,579,553,580,552,581,551,582,550,583,549,584,548,584,547,584,546,585,545,585,544,585,543,585,542,585,541,584,540,584,539,584,538,584,537,583,536,583,535,582,534,581,533,580,532,579,531,579,530,578,529,577,528,576,527,575,526,574,526,573,525,572,524,571,523,571,522,570,522,569,521,568,520,568,519,567,518,566,518,565,517,564,516,563,516,562,516,561,515,560,515,559,516
963,523,962,524,961,524,960,524,959,525,958,526,957,527,956,528,955,529,954,530,954,531,953,532,952,532,952,533,952,534,952,535,951,536,951,537,951,538,951,539,951,540,951,541,951,542,951,543,952,544,952,545,953,545,954,546,954,547,955,548,956,549,957,550,958,551,959,551,960,552,961,552,962,553,963,553,964,553,965,554,966,554,967,553,968,553,969,553,970,553,971,553,972,552,973,551,974,550,975,550,976,549,976,548,977,547,977,546,978,545,978,544,978,543,978,542,979,541,979,540,979,539,979,538,979,537,979,536,979,535,979,534,978,533,978,532,977,531,977,530,976,529,975,528,975,527,974,526,973,525,972,525,971,524,970,524,969,524,968,523,967,523,966,523,965,523,964,523
655,534,654,535,653,535,652,536,651,536,650,537,650,538,649,539,648,540,648,541,647,542,646,542,646,543,645,544,645,545,644,546,644,547,644,548,644,549,644,550,644,551,643,552,643,553,643,554,643,555,643,556,643,557,643,558,644,559,644,560,644,561,645,562,645,563,646,564,647,564,648,564,649,564,650,564,651,564,652,564,653,564,654,565,655,565,656,566,657,566,658,567,659,568,660,568,661,568,662,568,663,567,664,567,665,567,666,567,667,566,668,566,669,565,670,564,671,564,672,563,672,562,673,561,674,560,674,559,674,558,675,557,675,556,675,555,675,554,675,553,675,552,675,551,675,550,675,549,674,548,674,547,674,546,673,545,673,544,672,543,671,542,671,541,670,540,669,539,668,538,668,537,667,536,666,535,665,535,664,535,663,534,662,534,661,534,660,534,659,534,658,534,657,534,656,534
459,548,458,549,457,549,456,549,455,550,455,551,455,552,455,553,455,554,455,555,455,556,455,557,455,558,455,559,455,560,456,561,456,562,456,563,456,564,456,565,457,565,458,566,459,566,460,566,461,566,462,566,463,565,464,565,465,564,466,563,467,562,468,562,469,561,470,560,470,559,470,558,470,557,470,556,470,555,469,554,469,553,468,552,467,552,466,551,465,550,464,549,463,549,462,549,461,548,460,548
442,545,441,546,440,546,439,547,439,548,438,549,437,549,436,550,435,551,434,552,433,553,434,554,434,555,434,556,434,557,434,558,434,559,435,560,435,561,435,562,435,563,435,564,435,565,435,566,435,567,435,568,435,569,435,570,436,571,437,571,438,571,439,571,440,571,441,570,442,569,443,569,444,568,445,567,446,567,447,567,448,567,449,567,450,567,451,567,452,566,453,566,454,566,455,565,455,564,455,563,455,562,455,561,454,560,454,559,454,558,454,557,454,556,454,555,454,554,454,553,454,552,454,551,453,550,452,549,452,548,451,547,450,546,449,546,448,546,447,545,446,545,445,545,444,545,443,545
417,550,416,551,415,552,415,553,415,554,414,555,413,555,413,556,414,556,415,557,415,558,415,559,415,560,415,561,416,562,416,563,417,564,418,565,418,566,419,567,420,568,421,569,422,570,423,570,424,571,425,571,426,572,427,572,428,572,429,572,430,572,431,571,432,571,433,571,434,570,434,569,434,568,434,567,434,566,434,565,434,564,434,563,434,562,434,561,434,560,433,559,433,558,433,557,433,556,433,555,433,554,432,553,431,553,430,553,429,552,428,552,427,551,426,551,425,550,424,550,423,550,422,550,421,550,420,550,419,550,418,550
646,565,645,566,644,567,643,567,642,568,642,569,641,570,640,571,639,572,639,573,639,574,639,575,638,576,638,577,638,578,639,579,640,580,641,580,642,581,643,581,644,581,645,580,646,580,647,580,648,580,649,579,650,579,651,579,652,578,653,577,654,577,655,576,656,576,657,575,658,574,658,573,658,572,659,571,659,570,659,569,658,568,657,567,656,567,655,566,654,566,653,565,652,565,651,565,650,565,649,565,648,565,647,565
582,560,581,561,580,561,579,562,578,563,577,564,576,565,575,566,574,566,574,567,573,568,573,569,573,570,573,571,573,572,573,573,573,574,573,575,573,576,573,577,573,578,574,579,574,580,575,580,576,581,576,582,577,583,578,584,579,585,580,586,580,587,581,588,582,588,583,589,584,590,585,591,585,592,586,593,587,594,588,594,589,595,590,595,591,595,592,596,593,596,594,596,595,596,596,596,597,596,598,596,599,596,600,596,601,595,602,595,603,594,604,593,605,593,605,592,605,591,606,590,606,589,606,588,607,587,607,586,607,585,607,584,607,583,607,582,607,581,606,580,606,579,606,578,605,577,605,576,604,575,604,574,604,573,603,572,603,571,602,570,601,569,601,568,600,567,599,566,598,565,597,564,596,563,595,563,594,562,593,561,592,561,591,561,590,560,589,560,588,560,587,560,586,560,585,560,584,560,583,560
1023,570,1022,571,1021,572,1020,573,1020,574,1019,575,1018,575,1017,576,1016,577,1016,578,1015,579,1015,580,1015,581,1015,582,1015,583,1015,584,1016,585,1017,586,1017,587,1018,588,1019,589,1020,589,1021,590,1022,590,1023,590,1023,589,1023,588,1023,587,1023,586,1023,585,1023,584,1023,583,1023,582,1023,581,1023,580,1023,579,1023,578,1023,577,1023,576,1023,575,1023,574,1023,573,1023,572,1023,571
972,589,971,590,970,590,969,590,969,591,969,592,968,593,968,594,968,595,968,596,968,597,968,598,968,599,969,600,970,600,971,600,972,601,973,602,974,602,974,601,975,600,976,599,976,598,976,597,977,596,977,595,977,594,978,593,978,592,978,591,978,590,977,589,976,589,975,589,974,589,973,589
1004,590,1003,591,1002,591,1001,591,1001,592,1000,593,999,594,999,595,999,596,999,597,999,598,1000,599,1000,600,1001,601,1001,602,1001,603,1001,604,1001,605,1002,605,1003,606,1004,606,1005,606,1006,607,1007,607,1008,607,1009,607,1010,607,1011,607,1012,606,1013,606,1014,606,1015,606,1016,606,1017,606,1018,606,1018,605,1017,604,1017,603,1017,602,1017,601,1016,600,1016,599,1015,598,1015,597,1015,596,1014,595,1013,595,1012,594,1011,593,1010,593,1009,592,1009,591,1008,591,1007,591,1006,591,1005,590
981,590,980,591,979,591,979,592,979,593,978,594,978,595,978,596,977,597,977,598,977,599,976,600,975,601,975,602,975,603,976,604,977,605,977,606,978,607,978,608,978,609,978,610,979,611,979,612,980,613,980,614,981,615,982,616,983,617,984,617,985,618,986,618,987,619,988,619,989,619,990,619,991,619,992,619,993,619,994,618,995,617,996,616,996,615,996,614,997,613,997,612,997,611,997,610,997,609,997,608,998,607,998,606,998,605,998,604,998,603,998,602,997,601,997,600,997,599,996,598,995,597,995,596,994,595,993,594,992,593,991,592,991,591,990,591,989,591,988,591,987,590,986,590,985,590,984,590,983,590,982,590
999,606,999,607,998,608,998,609,998,610,998,611,998,612,999,613,998,614,997,614,997,615,997,616,998,617,998,618,998,619,998,620,999,621,999,622,1000,623,1000,624,1001,625,1002,625,1003,625,1004,626,1005,626,1006,627,1006,628,1007,628,1008,628,1009,628,1010,628,1011,628,1012,628,1013,628,1014,628,1015,628,1016,628,1016,627,1017,626,1018,626,1019,625,1020,624,1020,623,1020,622,1021,621,1021,620,1021,619,1021,618,1021,617,1021,616,1021,615,1021,614,1021,613,1020,612,1020,611,1020,610,1020,609,1019,608,1019,607,1018,607,1017,607,1016,607,1015,607,1014,607,1013,607,1012,607,1011,608,1010,608,1009,608,1008,608,1007,608,1006,608,1005,607,1004,607,1003,607,1002,606,1001,606,1000,606
337,609,337,610,336,611,335,612,334,613,333,614,332,614,331,615,330,616,330,617,329,618,329,619,328,620,328,621,327,622,327,623,326,624,326,625,325,626,325,627,325,628,325,629,324,630,323,630,323,631,323,632,323,633,323,634,323,635,324,635,325,636,325,637,325,638,326,639,326,640,327,641,328,641,329,642,330,643,331,643,332,643,333,644,334,644,335,643,336,643,337,643,338,642,339,642,340,641,341,640,342,640,343,639,344,638,345,637,345,636,346,635,346,634,346,633,347,632,347,631,347,630,348,629,348,628,348,627,348,626,348,625,347,624,348,623,348,622,347,621,348,620,348,619,348,618,348,617,348,616,348,615,347,614,346,613,346,612,345,611,344,611,343,610,343,609,342,609,341,609,340,609,339,609,338,609
525,641,524,642,523,643,522,644,522,645,522,646,522,647,522,648,522,649,522,650,522,651,521,652,520,652,520,653,519,654,519,655,520,656,519,657,519,658,520,659,520,660,520,661,521,661,522,662,522,663,522,664,522,665,523,666,522,667,522,668,523,668,524,668,525,669,526,669,527,669,528,669,529,669,530,669,531,668,532,668,533,667,534,668,535,668,536,667,537,667,538,668,539,668,540,667,541,666,541,665,542,664,542,663,542,662,542,661,542,660,542,659,543,658,543,657,542,656,543,655,543,654,543,653,542,652,542,651,542,650,542,649,541,648,540,647,540,646,540,645,539,644,538,644,537,643,536,643,535,642,534,642,533,642,532,642,531,641,530,641,529,641,528,641,527,641,526,641
445,645,445,646,444,647,443,647,442,647,441,647,440,648,439,649,438,650,437,650,438,651,438,652,438,653,439,654,439,655,439,656,440,657,440,658,440,659,441,660,441,661,441,662,442,663,442,664,442,665,443,666,444,667,445,668,446,669,447,670,448,671,449,671,450,671,451,670,452,669,453,669,454,668,455,667,456,666,456,665,457,664,457,663,457,662,458,661,458,660,458,659,458,658,459,657,458,656,458,655,458,654,458,653,457,652,457,651,456,650,455,649,454,648,453,648,452,647,451,647,450,647,449,647,448,646,448,645,447,645,446,645
431,650,430,651,429,651,428,652,427,652,426,653,425,654,424,655,424,656,423,657,423,658,422,659,422,660,422,661,422,662,422,663,422,664,422,665,422,666,422,667,422,668,423,669,423,670,424,671,424,672,425,673,426,674,427,675,427,676,428,677,428,678,429,679,429,680,430,680,431,681,431,682,432,682,433,683,434,683,435,683,436,683,437,683,438,683,439,682,439,681,440,680,441,679,442,678,443,678,444,677,444,676,445,675,446,674,447,673,448,672,447,671,446,670,445,669,444,668,443,667,442,666,441,665,441,664,441,663,440,662,440,661,440,660,439,659,439,658,439,657,438,656,438,655,438,654,437,653,437,652,437,651,436,651,435,651,434,650,433,650,432,650
128,652,127,653,126,653,125,653,124,654,123,654,123,655,123,656,122,657,122,658,122,659,123,659,124,659,125,660,124,661,123,661,123,662,124,663,124,664,125,665,126,665,127,666,128,667,128,668,128,669,127,670,127,671,127,672,128,673,127,674,127,675,128,676,128,677,128,678,129,679,130,680,130,681,130,682,131,682,132,683,133,684,134,685,135,685,136,686,137,686,138,686,139,687,140,687,141,687,142,688,143,688,144,688,145,688,146,689,147,689,148,689,149,690,150,690,151,690,152,690,153,690,154,689,155,689,156,688,157,688,157,687,158,686,159,685,160,684,160,683,160,682,160,681,160,680,160,679,160,678,160,677,159,676,159,675,159,674,158,673,157,672,156,671,155,670,154,669,153,669,152,669,151,668,150,668,149,668,148,668,147,668,146,667,145,667,144,667,143,667,142,666,141,665,140,664,140,663,139,662,139,661,139,660,139,659,138,658,138,657,138,656,137,655,137,654,136,653,135,652,134,652,133,652,132,652,131,652,130,652,129,652
60,678,59,679,58,679,57,679,56,680,55,680,54,681,53,681,53,682,52,683,52,684,52,685,52,686,52,687,52,688,52,689,51,690,51,691,51,692,51,693,51,694,52,695,52,696,52,697,53,698,53,699,53,700,54,700,55,701,56,702,57,703,58,704,59,705,60,706,61,706,62,706,63,706,64,706,65,706,66,705,67,704,68,704,69,703,70,702,71,701,72,701,72,700,72,699,73,698,73,697,74,696,74,695,74,694,73,693,74,692,73,691,73,690,73,689,72,688,72,687,71,687,70,686,69,685,69,684,69,683,68,682,68,681,68,680,67,679,66,679,65,678,64,678,63,678,62,678,61,678
96,746,95,747,94,748,93,749,93,750,92,751,92,752,92,753,92,754,93,755,94,755,95,755,96,756,97,756,98,757,99,757,100,757,101,758,102,758,103,758,104,757,105,757,106,757,107,757,108,757,109,757,110,757,111,757,112,757,113,758,114,758,114,757,114,756,114,755,114,754,114,753,113,752,113,751,112,750,111,749,110,749,109,748,108,748,107,748,106,747,105,747,104,746,103,746,102,746,101,746,100,746,99,746,98,746,97,746
885,741,884,742,883,742,882,742,881,742,880,742,879,742,878,742,877,742,876,743,875,743,874,743,873,744,872,744,871,745,870,745,869,746,868,747,867,748,866,749,865,750,864,751,864,752,864,753,864,754,864,755,864,756,864,757,864,758,864,759,865,760,865,761,866,762,867,763,868,764,869,764,870,765,871,765,872,765,873,766,874,766,875,766,876,766,877,766,878,766,879,766,880,766,881,766,882,766,883,766,884,766,885,765,886,765,887,765,888,764,889,764,890,763,891,762,892,762,893,761,894,760,895,759,895,758,896,757,897,756,897,755,898,754,899,754,899,753,899,752,899,751,899,750,899,749,899,748,898,748,897,747,897,746,896,745,895,744,894,743,893,743,892,742,891,742,890,742,889,741,888,741,887,741,886,741
672,744,671,745,670,745,669,746,668,747,667,747,667,748,666,749,666,750,665,751,664,751,664,752,663,753,663,754,663,755,662,756,662,757,662,758,662,759,661,760,661,761,661,762,660,763,660,764,661,765,660,766,660,767,661,768,661,769,662,770,662,771,663,772,664,773,665,773,666,774,667,774,668,775,669,775,670,775,671,775,672,775,673,775,674,775,675,774,676,774,677,774,678,773,679,773,680,774,681,773,682,773,683,773,683,772,683,771,683,770,683,769,683,768,683,767,684,766,684,765,685,764,685,763,685,762,686,761,686,760,686,759,686,758,686,757,686,756,686,755,686,754,686,753,685,752,685,751,685,750,684,749,684,748,683,747,682,747,681,747,680,746,679,745,678,745,677,744,676,744,675,744,674,744,673,744
206,751,205,752,204,752,203,752,202,752,201,752,200,752,199,752,198,753,197,753,196,753,195,753,195,754,194,755,193,755,192,756,191,757,190,758,189,759,189,760,189,761,189,762,188,763,188,764,188,765,189,766,189,767,189,768,190,769,190,770,190,771,190,772,190,773,191,774,191,775,191,776,192,776,193,776,194,777,195,777,196,776,197,776,198,776,199,776,200,775,201,774,202,774,203,774,204,774,205,773,206,773,207,773,208,772,209,772,210,771,211,771,212,771,212,770,212,769,213,768,213,767,214,766,215,765,216,765,217,764,218,764,219,763,219,762,219,761,219,760,219,759,219,758,219,757,218,756,217,755,216,754,216,753,215,753,214,752,213,751,212,751,211,751,210,751,209,751,208,751,207,751
779,745,778,746,777,746,776,747,775,748,774,749,773,750,772,750,771,751,770,752,770,753,770,754,769,755,769,756,768,757,767,758,767,759,766,760,766,761,765,762,765,763,764,764,764,765,764,766,763,767,764,768,763,769,763,770,763,771,763,772,763,773,763,774,763,775,764,776,764,777,764,778,765,779,765,780,766,781,767,782,768,782,769,783,770,783,771,783,772,783,773,783,774,782,775,782,776,782,777,781,778,780,779,780,780,779,781,778,781,777,782,776,783,775,784,774,784,773,785,772,786,771,786,770,786,769,787,768,787,767,788,766,788,765,789,764,789,763,789,762,790,761,791,761,791,760,791,759,791,758,791,757,791,756,791,755,791,754,791,753,791,752,791,751,791,750,790,750,789,749,789,748,788,747,787,746,786,745,785,745,784,745,783,745,782,745,781,745,780,745
92,755,91,756,90,756,89,756,89,757,88,758,87,759,87,760,87,761,87,762,87,763,87,764,88,765,88,766,88,767,89,768,90,768,91,769,91,770,91,771,92,772,93,772,94,773,95,772,96,771,96,770,97,769,98,768,99,767,99,766,100,765,100,764,101,763,101,762,101,761,101,760,102,759,101,759,100,758,99,758,98,758,97,757,96,757,95,756,94,756,93,756
104,758,103,759,102,760,102,761,102,762,102,763,101,764,101,765,100,766,100,767,99,768,98,769,97,770,97,771,96,772,95,773,94,774,95,775,95,776,96,777,97,777,98,778,99,778,100,778,101,778,102,778,103,778,104,778,105,777,106,776,107,775,108,775,109,774,109,773,110,772,110,771,110,770,110,769,110,768,110,767,110,766,110,765,110,764,110,763,110,762,111,761,112,761,112,760,113,759,112,758,111,759,110,758,109,758,108,758,107,758,106,758,105,758
886,766,885,767,884,767,883,768,882,768,881,768,880,768,879,769,878,769,877,769,876,769,875,769,874,769,873,770,872,770,872,771,871,772,870,773,869,774,868,775,868,776,868,777,869,778,868,779,869,780,870,781,870,782,870,783,871,784,872,785,873,785,874,786,875,786,876,786,877,787,878,787,879,787,880,787,881,787,882,787,883,787,884,788,884,789,885,789,886,789,887,789,888,789,889,789,890,789,891,789,892,789,893,789,894,789,894,788,895,787,896,787,897,787,898,787,899,787,900,787,901,786,902,786,903,785,904,785,905,784,905,783,906,782,906,781,906,780,906,779,906,778,906,777,905,776,905,775,904,774,904,773,903,772,903,771,903,770,902,769,901,768,900,767,899,767,898,767,897,767,896,766,895,766,894,766,893,766,892,766,891,766,890,766,889,766,888,766,887,766
154,763,153,764,152,764,151,765,150,765,150,766,149,767,148,768,148,769,148,770,148,771,148,772,147,773,147,774,147,775,148,776,148,777,148,778,148,779,149,780,149,781,150,782,150,783,151,784,151,785,152,786,152,787,152,788,152,789,152,790,153,791,153,792,154,793,154,794,155,795,156,796,157,797,158,797,159,797,160,797,161,796,162,796,163,796,164,795,165,795,166,795,167,795,168,796,168,795,168,794,168,793,168,792,168,791,167,790,167,789,167,788,167,787,167,786,167,785,167,784,167,783,167,782,167,781,167,780,167,779,167,778,167,777,167,776,167,775,167,774,168,773,168,772,167,771,167,770,166,769,165,769,164,768,163,767,162,766,161,766,160,765,159,765,158,764,157,764,156,763,155,763
115,778,114,779,113,779,112,779,111,780,110,781,109,781,109,782,108,783,107,783,106,784,106,785,106,786,106,787,106,788,106,789,107,790,107,791,107,792,107,793,107,794,107,795,107,796,108,796,109,797,109,798,109,799,109,800,110,801,111,801,112,802,113,802,114,802,115,802,116,802,117,801,118,801,119,801,120,801,121,801,122,801,123,801,124,800,125,800,126,800,127,799,127,798,128,797,128,796,128,795,128,794,129,793,129,792,129,791,129,790,129,789,129,788,129,787,129,786,128,785,128,784,127,783,127,782,126,781,125,781,124,780,123,780,122,779,121,779,120,778,119,778,118,778,117,778,116,778
589,779,588,780,587,780,586,780,585,780,584,781,583,781,582,782,581,782,580,783,579,783,578,784,577,785,576,786,575,787,574,787,573,788,573,789,572,790,572,791,571,792,571,793,571,794,571,795,571,796,572,797,572,798,573,799,574,800,575,800,576,801,577,801,578,801,579,802,580,802,581,802,582,802,583,802,584,803,585,802,586,802,587,802,588,802,589,801,590,801,591,800,591,799,592,798,593,798,594,797,595,797,596,796,597,795,598,794,598,793,599,792,599,791,599,790,598,789,598,788,598,787,598,786,598,785,598,784,597,783,597,782,596,781,595,781,594,780,593,780,592,780,591,780,590,779
213,782,212,783,211,783,210,783,209,783,208,783,207,783,206,783,205,783,204,784,203,784,202,784,201,785,200,785,199,786,198,787,197,787,197,788,197,789,196,790,196,791,196,792,196,793,196,794,196,795,197,796,197,797,198,797,199,798,200,799,201,800,202,801,203,802,204,802,205,803,206,803,207,804,208,804,209,805,210,805,211,805,212,805,213,806,213,807,214,807,215,807,216,807,217,807,218,807,219,807,220,807,221,807,222,807,223,807,223,806,224,805,225,805,226,805,227,804,228,804,229,803,229,802,230,801,230,800,230,799,230,798,231,797,231,796,230,795,231,794,230,793,230,792,230,791,230,790,229,789,229,788,228,787,228,786,227,785,226,785,225,784,224,783,223,783,222,783,221,783,220,782,219,782,218,782,217,782,216,782,215,782,214,782
99,784,98,785,97,785,96,786,95,787,95,788,95,789,94,790,94,791,93,792,93,793,92,794,92,795,91,796,90,797,89,797,89,798,88,799,88,800,88,801,88,802,87,803,87,804,87,805,87,806,87,807,87,808,87,809,87,810,88,811,89,812,90,812,91,813,92,814,93,814,94,814,95,814,96,814,97,813,98,813,99,812,100,811,101,810,102,809,103,808,104,807,104,806,105,805,106,804,106,803,107,802,108,802,109,801,108,800,108,799,108,798,108,797,107,797,106,796,106,795,106,794,106,793,106,792,106,791,106,790,105,789,105,788,105,787,105,786,105,785,104,784,103,784,102,784,101,784,100,784
281,790,280,791,279,791,278,792,277,793,276,794,275,795,274,796,274,797,273,798,272,799,272,800,272,801,272,802,273,803,272,804,272,805,272,806,272,807,273,808,274,808,275,809,276,810,277,811,277,812,278,813,278,814,279,815,279,816,280,817,281,818,282,818,283,818,284,818,285,818,286,818,287,818,288,818,289,818,290,817,291,817,292,816,293,815,294,814,295,813,295,812,296,811,296,810,297,809,297,808,297,807,297,806,298,805,298,804,298,803,298,802,298,801,298,800,298,799,297,798,297,797,297,796,297,795,296,794,295,793,294,793,293,793,292,792,291,792,290,792,289,791,288,791,287,791,286,790,285,790,284,790,283,790,282,790
182,797,181,798,180,798,179,798,178,798,177,798,176,798,175,799,174,799,173,799,172,800,171,800,170,800,169,801,168,802,167,803,166,804,166,805,166,806,166,807,167,808,166,809,167,810,167,811,168,812,168,813,169,814,169,815,170,816,171,817,172,817,173,818,174,819,175,819,176,820,177,820,178,820,179,821,180,821,181,821,182,821,183,821,184,821,185,821,186,821,187,821,188,821,189,821,190,820,191,820,192,820,193,819,194,819,195,818,196,817,196,816,197,815,198,815,198,814,197,814,196,813,196,812,197,811,198,811,197,811,196,810,196,809,196,808,195,807,195,806,195,805,194,804,193,803,192,802,191,801,190,800,189,799,188,798,187,798,186,797,185,797,184,797,183,797
609,795,608,796,607,796,606,796,605,796,604,797,603,797,602,797,601,798,600,798,599,798,598,799,597,799,596,800,595,801,594,801,593,802,592,802,591,803,590,804,589,805,589,806,589,807,588,808,588,809,588,810,588,811,589,812,589,813,589,814,590,815,590,816,591,816,592,817,593,817,594,818,595,819,596,820,597,820,598,821,599,821,600,821,601,821,602,821,603,820,604,820,605,820,606,819,607,819,608,819,609,818,610,818,611,818,612,818,613,817,614,817,615,816,616,816,617,816,618,815,619,814,619,813,620,812,620,811,621,810,621,809,622,808,622,807,622,806,622,805,622,804,622,803,622,802,621,801,621,800,620,799,620,798,619,797,618,796,617,796,616,795,615,795,614,795,613,795,612,795,611,795,610,795
269,806,269,807,268,808,267,808,266,808,265,809,264,809,263,810,262,811,261,811,260,812,259,813,258,814,258,815,257,816,257,817,256,818,256,819,256,820,256,821,255,822,256,823,256,824,256,825,255,826,255,827,256,828,256,829,256,830,256,831,257,832,257,833,257,834,258,835,259,836,260,837,261,837,262,838,263,838,264,838,265,838,266,838,267,837,268,837,269,836,270,836,271,835,272,834,273,834,274,833,275,832,275,831,276,830,277,829,277,828,278,827,278,826,278,825,278,824,278,823,279,822,279,821,279,820,279,819,280,818,279,817,278,816,278,815,277,814,277,813,276,812,276,811,275,810,274,809,273,809,272,808,271,807,271,806,270,806
941,811,940,812,939,812,938,812,937,812,936,813,935,813,934,813,933,814,933,815,932,816,932,817,931,818,931,819,931,820,931,821,931,822,931,823,931,824,931,825,932,826,932,827,932,828,932,829,932,830,932,831,932,832,932,833,932,834,932,835,932,836,932,837,932,838,933,839,934,840,935,840,936,840,937,841,938,841,939,842,939,843,940,843,941,844,942,844,943,845,944,846,945,846,946,846,947,846,948,846,949,846,950,847,951,847,952,847,953,847,954,847,955,846,956,845,957,845,958,844,959,843,960,843,960,842,961,841,961,840,962,839,962,838,963,837,963,836,963,835,964,834,963,833,963,832,963,831,963,830,964,829,963,828,963,827,963,826,963,825,963,824,963,823,962,822,962,821,961,820,960,819,959,818,958,817,957,816,956,815,955,814,954,814,953,813,952,813,951,812,950,812,949,812,948,812,947,812,946,812,945,811,944,811,943,811,942,811
28,811,27,812,26,812,25,812,24,812,23,813,22,813,21,814,21,815,20,816,19,817,19,818,19,819,18,820,17,820,17,821,17,822,17,823,16,824,16,825,16,826,16,827,16,828,16,829,15,830,15,831,15,832,15,833,14,834,15,835,14,836,14,837,14,838,14,839,15,840,15,841,15,842,15,843,16,844,17,845,18,845,19,846,20,847,21,847,22,847,23,847,24,848,25,848,26,848,27,848,28,847,29,847,30,846,31,845,32,844,33,843,33,842,34,841,35,840,36,840,36,839,37,838,37,837,38,836,39,835,39,834,40,833,40,832,41,831,41,830,41,829,41,828,41,827,41,826,41,825,41,824,41,823,40,822,39,821,39,820,38,819,38,818,38,817,37,816,37,815,36,814,35,814,34,813,33,812,32,812,31,811,30,811,29,811
156,812,155,813,154,813,153,814,153,815,152,816,152,817,151,818,151,819,151,820,151,821,151,822,152,823,151,824,151,825,151,826,151,827,151,828,151,829,151,830,151,831,151,832,151,833,152,834,152,835,152,836,152,837,153,838,153,839,153,840,153,841,154,842,154,843,155,844,156,845,157,845,158,846,159,846,160,846,161,846,162,846,163,845,164,845,165,845,166,844,167,844,168,844,169,844,170,844,171,844,172,844,173,844,174,844,175,843,175,842,176,841,177,841,177,840,177,839,178,838,178,837,178,836,178,835,177,834,178,833,178,832,178,831,178,830,178,829,178,828,177,827,177,826,177,825,177,824,177,823,176,822,176,821,175,820,174,820,173,819,172,818,171,818,170,817,169,817,168,816,167,815,166,814,165,814,164,813,163,812,162,812,161,812,160,812,159,812,158,812,157,812
915,814,914,815,913,815,912,816,911,816,910,817,910,818,909,819,909,820,908,821,908,822,908,823,907,824,907,825,907,826,907,827,908,828,907,829,907,830,908,831,908,832,908,833,908,834,908,835,908,836,908,837,909,838,909,839,910,840,911,841,912,842,912,843,913,843,914,844,915,844,916,845,917,845,918,846,919,846,920,846,921,846,922,846,923,846,924,846,925,846,926,845,927,845,928,844,929,843,929,842,930,841,930,840,931,839,932,839,931,838,931,837,931,836,931,835,931,834,931,833,931,832,931,831,931,830,931,829,931,828,931,827,931,826,930,825,930,824,930,823,930,822,930,821,930,820,930,819,929,818,928,818,927,817,926,816,925,815,924,815,923,814,922,814,921,814,920,814,919,814,918,814,917,814,916,814
618,816,617,817,616,817,615,817,614,818,613,818,612,819,611,819,610,819,609,819,608,820,607,820,606,820,605,821,604,821,603,821,602,822,601,822,600,822,599,823,599,824,599,825,598,826,597,827,596,828,596,829,595,830,595,831,594,832,594,833,593,834,592,834,592,835,592,836,592,837,592,838,592,839,592,840,593,840,594,841,594,842,594,843,595,844,596,845,597,845,598,846,599,846,600,846,601,846,602,846,603,846,604,845,605,845,606,844,607,844,608,843,608,842,609,841,610,840,611,840,612,839,613,838,614,837,615,836,616,835,617,834,618,833,619,832,619,831,620,830,621,829,621,828,621,827,622,826,622,825,622,824,622,823,621,822,621,821,621,820,621,819,620,818,619,817
121,814,120,815,119,815,118,815,117,816,116,817,115,818,114,819,114,820,113,821,113,822,113,823,112,824,112,825,112,826,112,827,112,828,112,829,112,830,112,831,112,832,113,833,113,834,113,835,114,836,115,836,116,837,117,837,118,838,118,839,118,840,118,841,119,842,119,843,119,844,120,845,121,846,122,847,123,847,124,847,125,847,126,847,127,847,128,847,129,847,130,847,131,846,132,846,133,845,134,844,135,843,135,842,136,841,136,840,137,839,137,838,137,837,138,836,138,835,138,834,138,833,138,832,138,831,137,830,137,829,137,828,136,827,136,826,135,825,135,824,134,823,134,822,133,821,132,820,131,819,130,818,129,817,128,816,127,815,126,815,125,815,124,815,123,814,122,814
192,831,191,832,190,832,189,833,188,833,188,834,187,835,186,836,186,837,186,838,185,839,186,840,185,841,184,842,184,843,184,844,184,845,185,846,184,847,183,848,183,849,184,850,184,851,184,852,184,853,185,854,185,855,185,856,186,857,187,857,188,857,189,857,190,857,191,857,192,858,193,858,194,859,195,860,195,861,196,861,197,862,198,862,199,863,200,864,201,863,202,862,203,861,203,860,204,859,205,858,205,857,206,856,207,855,208,854,208,853,209,852,209,851,209,850,209,849,208,848,208,847,208,846,208,845,207,844,207,843,207,842,206,841,206,840,206,839,205,838,204,837,204,836,203,835,202,834,201,833,200,833,199,832,198,832,197,832,196,832,195,831,194,831,193,831
175,844,174,845,173,845,172,845,171,845,170,845,169,845,168,845,167,845,166,845,165,846,164,846,163,846,162,847,161,847,161,848,161,849,160,850,160,851,160,852,161,853,160,854,160,855,160,856,161,857,161,858,162,858,163,859,164,860,164,861,165,862,166,863,167,864,168,865,169,865,170,866,171,866,172,867,173,867,174,867,175,867,176,867,177,867,178,867,179,866,180,866,181,865,181,864,182,863,183,862,184,861,184,860,184,859,184,858,184,857,184,856,184,855,184,854,183,853,183,852,183,851,182,850,182,849,182,848,181,847,180,847,179,847,178,847,177,846,176,845
213,850,212,851,211,851,210,851,210,852,209,853,209,854,208,855,207,856,206,857,206,858,205,859,204,860,204,861,203,862,202,863,201,864,201,865,200,866,200,867,200,868,200,869,199,870,199,871,199,872,199,873,199,874,199,875,199,876,199,877,200,878,200,879,200,880,201,881,202,882,203,883,204,883,205,882,206,882,207,881,208,880,209,880,209,879,209,878,210,877,210,876,211,875,212,874,212,873,213,872,213,871,213,870,214,869,214,868,214,867,215,866,216,866,216,865,216,864,217,863,217,862,217,861,217,860,218,859,217,858,218,857,219,856,219,855,219,854,219,853,219,852,218,851,217,850,216,850,215,850,214,850
185,857,185,858,185,859,185,860,185,861,184,862,183,863,182,864,182,865,181,866,180,867,179,867,179,868,178,869,178,870,178,871,178,872,177,873,177,874,176,875,176,876,176,877,176,878,176,879,176,880,176,881,176,882,176,883,177,884,178,885,179,885,180,885,181,886,182,886,183,887,184,887,185,887,186,886,187,886,188,885,189,885,190,885,191,884,192,883,193,882,194,881,195,880,195,879,195,878,195,877,196,876,196,875,196,874,197,873,198,873,198,872,198,871,198,870,199,869,199,868,199,867,199,866,199,865,199,864,198,863,197,863,196,862,195,862,194,861,194,860,193,859,192,859,191,858,190,858,189,858,188,858,187,858,186,858
754,862,753,863,752,863,751,863,750,864,749,865,748,866,747,867,747,868,747,869,746,870,746,871,746,872,746,873,746,874,746,875,747,876,747,877,746,878,746,879,746,880,746,881,746,882,747,883,747,884,747,885,747,886,748,887,748,888,749,889,750,890,751,891,752,891,753,892,754,892,755,892,756,892,757,893,758,893,759,893,760,893,761,893,762,893,763,893,764,893,765,893,766,893,767,893,768,892,769,892,770,891,771,890,772,889,773,889,774,888,775,887,776,886,776,885,777,884,778,883,779,882,779,881,779,880,779,879,779,878,779,877,779,876,779,875,778,874,777,873,777,872,776,871,775,870,774,869,773,868,772,868,771,867,770,866,769,865,768,865,767,864,766,864,765,863,764,863,763,863,762,863,761,862,760,862,759,862,758,862,757,862,756,862,755,862
978,865,977,866,976,866,975,866,974,867,973,867,972,868,971,869,970,869,969,870,969,871,968,872,968,873,969,874,969,875,969,876,970,877,970,878,970,879,971,879,972,880,973,881,974,882,975,882,976,883,977,883,978,883,979,884,980,884,981,885,982,885,983,886,984,886,985,887,986,887,987,888,988,888,989,888,990,889,991,889,992,890,993,891,994,891,995,892,996,893,997,894,998,894,999,895,1000,895,1001,895,1002,895,1003,895,1003,894,1002,893,1002,892,1002,891,1002,890,1002,889,1002,888,1001,887,1001,886,1001,885,1000,884,1000,883,999,882,999,881,999,880,998,879,998,878,998,877,997,876,997,875,997,874,996,873,995,872,995,871,994,870,993,869,992,869,991,868,990,867,989,867,988,867,987,866,986,866,985,866,984,866,983,865,982,865,981,865,980,865,979,865
98,870,97,871,96,871,95,872,94,872,93,873,92,874,91,875,90,876,89,876,88,877,87,878,87,879,87,880,87,881,86,882,86,883,86,884,86,885,85,886,85,887,85,888,85,889,85,890,86,890,87,891,88,891,89,891,90,891,91,891,92,890,93,890,94,890,95,889,96,889,97,888,98,887,99,886,100,886,101,885,102,884,103,883,103,882,104,881,105,880,106,879,106,878,105,877,106,876,106,875,105,874,105,873,104,872,103,871,102,871,101,870,100,870,99,870
66,870,65,871,64,871,63,872,62,873,61,873,60,874,59,875,58,876,57,877,56,878,56,879,55,880,54,881,53,881,52,882,51,883,51,884,50,885,50,886,50,887,49,888,49,889,49,890,48,891,48,892,48,893,48,894,49,895,49,896,49,897,49,898,50,899,51,900,52,901,53,901,54,901,55,902,56,902,57,902,58,902,59,902,60,901,61,901,62,901,63,901,64,901,65,901,66,900,67,900,68,899,69,898,70,898,71,897,72,897,72,896,73,895,74,895,75,894,76,893,77,892,77,891,77,890,77,889,77,888,77,887,77,886,78,885,78,884,78,883,78,882,78,881,78,880,78,879,78,878,79,877,79,876,78,875,78,874,78,873,77,872,77,871,76,871,75,870,74,870,73,870,72,870,71,870,70,870,69,870,68,870,67,870
143,877,142,878,142,879,141,880,140,881,140,882,140,883,139,884,139,885,139,886,139,887,139,888,139,889,139,890,139,891,140,892,140,893,140,894,141,895,141,896,141,897,142,898,142,899,142,900,143,900,144,900,145,901,146,902,147,903,148,904,149,904,150,904,151,904,152,904,153,904,153,903,154,902,154,901,154,900,155,899,155,898,155,897,155,896,156,895,156,894,156,893,156,892,156,891,156,890,157,889,157,888,157,887,157,886,156,885,156,884,156,883,155,882,155,881,154,880,153,879,153,878,152,878,151,877,150,877,149,877,148,877,147,877,146,877,145,877,144,877
23,881,22,882,21,882,20,882,19,882,18,883,17,883,16,883,15,884,14,884,13,885,12,886,11,887,10,888,9,889,9,890,8,891,8,892,8,893,7,894,7,895,7,896,7,897,7,898,7,899,7,900,8,901,8,902,9,903,10,903,11,904,12,904,13,905,14,905,15,905,16,906,17,906,18,906,19,906,20,906,21,906,22,906,23,905,24,905,25,905,26,905,27,904,28,904,29,904,30,903,31,903,32,902,33,902,34,901,35,900,36,900,37,899,38,899,38,898,39,897,39,896,40,895,40,894,41,893,41,892,40,891,41,890,41,889,40,888,40,887,39,886,38,885,37,884,36,883,35,883,34,882,33,882,32,881,31,881,30,881,29,881,28,881,27,881,26,881,25,881,24,881
294,876,293,877,292,877,291,877,290,877,289,878,288,878,287,878,287,879,286,880,285,881,284,881,283,882,282,883,282,884,281,885,280,886,279,887,279,888,278,889,278,890,278,891,277,892,277,893,277,894,277,895,278,896,278,897,278,898,278,899,279,900,279,901,280,902,281,903,282,904,283,905,284,906,285,906,286,907,287,908,288,908,289,908,290,909,291,909,292,909,293,909,294,910,295,910,296,910,297,910,298,910,299,910,300,909,301,909,302,909,303,909,304,908,305,908,306,908,307,907,308,906,308,905,309,904,309,903,310,902,310,901,310,900,310,899,310,898,309,897,309,896,309,895,310,894,310,893,309,892,309,891,309,890,308,889,308,888,307,887,307,886,306,885,305,885,304,884,304,883,303,882,302,881,301,880,300,879,300,878,299,878,298,877,297,877,296,877,295,877
973,883,973,884,972,885,971,886,970,886,969,887,968,888,968,889,968,890,968,891,968,892,969,893,968,894,969,895,969,896,969,897,969,898,969,899,969,900,969,901,968,902,969,903,970,904,971,904,972,905,973,905,974,906,975,906,976,906,977,907,978,907,979,907,980,908,981,908,982,908,983,908,984,908,985,909,986,909,986,908,987,907,988,906,989,906,990,905,991,904,992,903,992,902,993,901,994,900,995,899,996,898,997,898,998,897,999,897,1000,897,1001,897,1002,897,1003,897,1003,896,1002,896,1001,896,1000,896,999,896,998,895,997,895,996,894,995,893,994,892,993,892,992,891,991,890,990,890,989,889,988,889,987,889,986,888,985,888,984,887,983,887,982,886,981,886,980,885,979,885,978,884,977,884,976,884,975,883,974,883
898,885,897,886,896,886,895,886,894,886,893,886,892,886,892,887,891,888,890,889,889,889,889,890,888,891,887,892,887,893,887,894,886,895,886,896,886,897,886,898,887,898,888,899,887,900,886,900,886,901,886,902,886,903,886,904,887,905,887,906,888,907,889,908,890,909,891,909,892,909,893,910,894,910,895,910,896,910,897,910,898,910,899,910,900,910,901,909,902,909,903,908,904,908,905,908,906,908,907,907,908,907,909,907,910,906,911,906,912,905,913,905,914,904,915,903,916,902,917,902,917,901,918,900,918,899,919,898,919,897,919,896,920,895,920,894,919,893,920,892,920,891,920,890,919,889,918,889,917,888,916,888,915,888,914,887,913,887,912,888,911,888,910,888,909,888,908,888,907,888,906,888,905,888,904,887,903,887,902,887,901,886,900,885,899,885
127,889,126,890,125,890,124,890,123,891,122,892,122,893,121,894,120,895,120,896,120,897,119,898,119,899,119,900,119,901,119,902,119,903,119,904,119,905,119,906,119,907,120,908,120,909,121,910,122,911,123,912,124,912,125,913,126,913,127,913,128,913,129,913,130,913,131,913,132,913,133,912,134,912,135,912,136,911,137,911,138,910,139,910,140,909,140,908,141,907,141,906,141,905,141,904,141,903,141,902,141,901,141,900,141,899,141,898,140,897,140,896,140,895,139,894,139,893,138,892,137,891,136,890,135,890,134,889,133,889,132,889,131,889,130,889,129,889,128,889
164,892,163,893,162,893,161,893,160,893,159,894,158,894,157,895,156,896,156,897,156,898,156,899,155,900,155,901,155,902,154,903,154,904,154,905,154,906,154,907,154,908,154,909,154,910,154,911,154,912,155,913,155,914,155,915,156,916,156,917,157,918,158,918,159,919,160,919,161,919,162,919,163,920,164,920,165,920,166,919,167,919,168,918,169,917,169,916,170,915,170,914,170,913,171,912,171,911,171,910,171,909,171,908,172,907,172,906,172,905,172,904,172,903,171,902,172,901,172,900,171,899,171,898,171,897,171,896,170,895,169,894,168,893,167,893,166,892,165,892
99,893,98,894,97,894,96,894,95,895,94,895,93,896,92,896,92,897,91,898,90,899,89,899,88,900,87,901,87,902,86,903,86,904,85,905,85,906,84,907,84,908,84,909,84,910,84,911,84,912,85,913,85,914,85,915,86,916,86,917,87,918,88,919,89,920,90,920,91,920,92,921,93,921,94,921,95,921,96,921,97,921,98,921,99,921,100,921,101,920,102,920,103,919,104,918,105,917,106,916,107,915,108,915,108,914,109,913,109,912,109,911,110,910,110,909,110,908,110,907,110,906,110,905,110,904,110,903,110,902,110,901,110,900,109,899,109,898,108,897,108,896,108,895,107,895,106,895,105,894,104,894,103,893,102,893,101,893,100,893
393,891,392,892,391,892,390,892,389,892,388,893,387,894,386,894,385,895,385,896,385,897,384,898,383,899,383,900,384,901,383,902,383,903,384,904,384,905,385,906,386,907,386,908,387,909,388,910,388,911,389,912,390,912,391,913,392,914,392,915,393,916,394,917,394,918,395,919,395,920,395,921,395,922,396,922,397,922,398,922,399,922,400,922,401,922,402,922,403,923,404,923,405,923,406,924,407,924,408,924,409,925,410,926,411,926,412,926,413,925,414,925,415,924,416,923,417,922,418,921,419,920,420,919,421,918,421,917,422,916,422,915,422,914,422,913,422,912,422,911,422,910,422,909,421,908,420,907,419,906,418,905,417,904,416,903,415,903,414,902,413,902,412,902,411,901,410,900,409,900,408,899,407,898,406,897,406,896,405,895,404,895,403,894,402,893,401,893,400,892,399,892,398,892,397,892,396,891,395,891,394,891
998,898,997,899,996,899,995,900,994,901,993,902,993,903,992,904,991,905,990,906,989,907,988,907,987,908,987,909,987,910,987,911,987,912,987,913,987,914,987,915,988,916,988,917,989,917,990,918,990,919,990,920,991,921,992,922,993,922,994,923,995,923,996,924,997,924,998,924,999,924,1000,923,1001,923,1002,922,1003,921,1004,921,1005,920,1006,920,1007,920,1008,919,1009,919,1010,918,1011,918,1012,917,1012,916,1011,915,1011,914,1011,913,1010,912,1010,911,1010,910,1009,909,1008,908,1008,907,1007,906,1006,906,1005,905,1005,904,1004,903,1004,902,1003,901,1003,900,1003,899,1003,898,1002,898,1001,898,1000,898,999,898
946,905,945,906,944,906,943,906,942,907,941,907,940,908,939,909,938,910,937,911,937,912,936,913,936,914,936,915,935,916,934,916,934,917,933,918,933,919,932,920,932,921,931,922,931,923,931,924,931,925,930,926,931,927,931,928,932,929,932,930,933,930,934,930,935,930,936,930,937,930,938,930,939,930,940,930,941,929,942,929,943,928,944,928,945,927,946,927,947,926,948,926,949,925,950,924,951,923,952,922,953,922,953,921,954,920,954,919,954,918,953,917,954,916,954,915,954,914,954,913,954,912,954,911,953,910,953,909,952,909,951,908,950,907,949,907,948,906,947,906
356,908,355,909,354,909,353,910,352,911,352,912,351,913,351,914,351,915,350,916,350,917,350,918,350,919,350,920,350,921,350,922,350,923,350,924,350,925,350,926,350,927,350,928,350,929,350,930,350,931,350,932,350,933,350,934,350,935,350,936,350,937,351,938,351,939,351,940,352,941,353,942,353,943,354,944,355,943,356,943,357,942,358,941,359,941,360,941,361,940,362,939,362,938,363,937,363,936,363,935,363,934,364,933,364,932,364,931,364,930,364,929,365,928,365,927,366,926,366,925,367,924,368,923,368,922,368,921,368,920,368,919,368,918,367,917,367,916,367,915,367,914,367,913,366,912,366,911,365,910,364,909,363,909,362,908,361,908,360,908,359,908,358,908,357,908
977,912,976,913,975,913,974,913,973,914,973,915,972,916,971,917,970,917,969,918,969,919,969,920,968,921,968,922,968,923,968,924,968,925,968,926,969,927,968,928,968,929,968,930,968,931,968,932,968,933,969,934,969,935,970,936,970,937,971,937,972,938,973,939,974,939,975,939,976,940,977,940,978,940,979,940,980,940,981,940,982,940,983,940,984,939,984,938,985,937,986,936,986,935,987,934,988,933,989,933,989,932,989,931,990,930,990,929,991,928,990,927,990,926,990,925,990,924,989,923,989,922,989,921,989,920,989,919,989,918,988,918,987,917,987,916,986,915,986,914,986,913,986,912,985,913,984,912,983,912,982,912,981,912,980,912,979,912,978,912
184,916,184,917,183,918,182,919,181,919,180,920,179,920,178,920,177,920,176,921,175,921,174,922,173,923,172,924,171,925,170,926,169,927,168,928,168,929,167,930,167,931,166,932,166,933,166,934,166,935,166,936,166,937,167,938,167,939,168,940,168,941,169,942,170,942,171,943,172,943,173,943,174,944,175,944,176,944,177,943,178,943,179,943,180,943,181,943,182,943,183,943,184,943,185,943,186,942,187,941,188,940,188,939,188,938,189,937,189,936,189,935,189,934,188,934,187,933,187,932,188,931,188,930,188,929,188,928,187,927,187,926,187,925,187,924,187,923,187,922,187,921,187,920,187,919,186,918,185,917,185,916
1012,918,1011,919,1010,919,1009,920,1008,920,1007,921,1006,921,1005,921,1004,922,1003,923,1002,923,1001,924,1000,924,999,925,999,926,1000,927,1000,928,1000,929,1000,930,1001,931,1001,932,1001,933,1002,934,1002,935,1003,936,1003,937,1004,938,1005,939,1005,940,1006,941,1006,942,1006,943,1007,943,1008,944,1008,945,1008,946,1008,947,1008,948,1009,949,1009,950,1009,951,1009,952,1009,953,1010,954,1011,955,1012,956,1013,956,1014,956,1015,956,1016,956,1017,956,1018,956,1019,955,1020,955,1021,954,1022,953,1023,953,1023,952,1023,951,1023,950,1023,949,1023,948,1023,947,1023,946,1023,945,1023,944,1023,943,1023,942,1023,941,1023,940,1023,939,1023,938,1023,937,1023,936,1023,935,1023,934,1023,933,1023,932,1023,931,1023,930,1023,929,1022,928,1021,928,1020,927,1019,926,1019,925,1018,924,1018,923,1017,923,1016,922,1015,921,1014,920,1014,919,1013,918
991,929,991,930,990,931,990,932,990,933,989,934,988,934,987,935,987,936,986,937,985,938,985,939,984,940,983,941,984,942,985,943,985,944,985,945,986,946,986,947,986,948,986,949,987,950,987,951,987,952,987,953,988,953,989,953,990,953,991,954,992,954,993,954,994,954,995,954,996,954,997,953,998,953,999,952,1000,951,1000,950,1001,949,1002,948,1003,947,1003,946,1003,945,1003,944,1003,943,1003,942,1003,941,1002,940,1002,939,1002,938,1001,937,1001,936,1000,935,999,934,998,933,998,932,997,931,996,931,995,930,994,930,993,930,992,930
947,931,946,932,945,932,944,932,944,933,943,934,942,934,941,935,940,935,939,936,938,936,937,937,936,938,935,939,934,939,933,939,933,940,932,941,931,942,930,943,930,944,930,945,930,946,931,947,931,948,932,949,932,950,932,951,933,952,934,952,935,952,936,952,937,953,938,953,939,953,940,953,941,953,942,952,943,951,944,951,944,950,945,949,946,948,947,948,947,947,948,946,949,945,949,944,950,943,951,942,951,941,951,940,951,939,952,938,953,938,953,937,953,936,952,936,951,935,951,934,950,933,950,932,949,932,948,932
366,938,365,939,364,939,363,939,362,940,361,941,360,942,359,942,358,943,357,943,356,944,355,944,356,945,355,946,355,947,355,948,355,949,355,950,355,951,355,952,355,953,355,954,356,955,356,956,357,957,357,958,358,959,359,960,360,960,361,961,362,962,363,962,364,963,365,963,366,964,367,965,368,966,369,967,370,967,371,967,372,968,372,969,373,969,373,968,374,967,375,967,376,967,377,966,378,966,379,966,380,965,381,964,381,963,382,962,382,961,382,960,382,959,382,958,382,957,382,956,382,955,382,954,382,953,382,952,381,951,381,950,381,949,382,948,382,947,382,946,382,945,382,944,382,943,382,942,381,941,381,940,381,939,381,938,380,938,379,938,378,938,377,938,376,939,375,939,374,939,373,939,372,939,371,940,370,939,369,939,368,939,367,939
793,968,793,969,792,970,791,970,790,970,789,971,788,971,787,972,786,973,786,974,785,975,785,976,785,977,784,978,784,979,784,980,784,981,783,982,783,983,782,984,783,985,783,986,783,987,782,988,782,989,782,990,782,991,782,992,782,993,783,994,783,995,784,996,784,997,785,998,786,998,787,999,788,999,789,1000,790,1000,791,1000,792,1000,793,1000,794,1000,795,1000,796,999,797,999,798,998,799,997,800,996,800,995,801,994,801,993,802,992,803,991,803,990,803,989,804,988,804,987,804,986,804,985,804,984,805,983,805,982,804,981,804,980,805,979,805,978,804,977,804,976,804,975,804,974,803,973,803,972,802,972,801,972,800,971,799,970,798,970,797,970,796,970,795,970,794,969,794,968
346,996,345,997,344,997,343,998,342,999,341,999,340,1000,340,1001,339,1002,338,1003,337,1004,337,1005,337,1006,337,1007,337,1008,337,1009,338,1010,338,1011,338,1012,338,1013,338,1014,338,1015,338,1016,338,1017,338,1018,338,1019,338,1020,338,1021,339,1021,340,1021,341,1021,342,1021,343,1021,344,1021,345,1021,346,1021,347,1021,348,1021,349,1021,350,1021,351,1021,352,1021,353,1021,354,1021,355,1020,356,1019,356,1018,356,1017,357,1016,357,1015,357,1014,357,1013,357,1012,357,1011,357,1010,357,1009,357,1008,357,1007,357,1006,356,1005,356,1004,356,1003,356,1002,355,1001,355,1000,354,999,353,998,352,997,351,997,350,996,349,996,348,996,347,996
330,1002,329,1003,328,1003,327,1003,326,1004,325,1004,325,1005,324,1006,323,1006,322,1007,321,1008,320,1009,320,1010,319,1011,319,1012,319,1013,319,1014,319,1015,319,1016,319,1017,319,1018,319,1019,319,1020,320,1021,321,1021,322,1021,323,1021,324,1021,325,1021,326,1021,327,1021,328,1021,329,1021,330,1021,331,1021,332,1021,333,1021,334,1021,335,1021,336,1021,337,1021,337,1020,337,1019,337,1018,337,1017,337,1016,337,1015,337,1014,337,1013,337,1012,337,1011,337,1010,336,1009,336,1008,336,1007,336,1006,336,1005,336,1004,335,1004,334,1003,333,1003,332,1003,331,1003
