19,526,18,527,17,527,16,527,15,528,14,529,13,530,12,530,13,530,14,529,15,529,16,528,17,528,18,528,19,527,20,527,21,527,20,526
17,544,17,545,16,546,15,546,14,547,13,547,12,547,11,547,10,548,9,549,8,550,7,550,6,550,5,551,4,551,3,551,2,552,1,552,0,552,0,553,0,554,0,555,0,556,0,557,0,558,0,559,0,560,0,561,0,562,1,562,2,563,1,564,0,564,0,565,0,566,0,567,0,568,0,569,0,570,0,571,0,572,1,572,2,572,3,572,4,573,4,574,5,574,6,575,7,575,8,575,9,575,10,575,11,576,12,576,13,576,14,576,15,576,16,575,17,575,18,575,19,575,20,574,20,573,21,572,22,571,23,570,23,569,24,568,24,567,25,566,25,565,26,564,26,563,27,562,27,561,28,560,28,559,28,558,28,557,28,556,28,555,28,554,27,553,26,552,26,551,26,550,25,550,24,550,23,550,22,549,22,548,21,547,20,547,19,546,18,545,18,544
171,649,170,650,169,650,168,650,167,650,166,650,165,651,164,651,163,652,162,653,161,653,161,654,161,655,160,656,160,657,160,658,160,659,160,660,160,661,160,662,160,663,160,664,161,665,161,666,161,667,162,667,163,668,164,668,165,669,166,670,167,670,168,670,169,670,170,670,171,670,172,670,173,670,174,670,175,669,176,669,177,668,178,668,178,667,179,666,180,666,180,665,181,664,181,663,181,662,182,661,182,660,183,659,183,658,183,657,183,656,182,655,182,654,181,653,180,652,179,652,178,651,177,651,176,650,175,650,174,650,173,649,172,649
12,649,11,650,10,650,9,651,8,652,7,653,7,654,6,655,6,656,6,657,5,658,5,659,5,660,4,661,4,662,4,663,4,664,4,665,4,666,4,667,4,668,4,669,4,670,5,671,6,672,7,673,8,673,9,673,10,674,11,674,12,674,13,673,14,673,15,672,16,672,17,672,18,672,19,671,20,671,21,671,22,671,23,671,24,670,25,670,26,669,27,668,28,667,28,666,29,665,29,664,29,663,29,662,29,661,29,660,29,659,29,658,29,657,28,656,28,655,27,654,27,653,26,652,25,652,24,651,23,650,22,650,21,649,20,649,19,649,18,649,17,649,16,649,15,649,14,649,13,649
24,671,23,672,22,672,21,672,20,672,19,672,18,673,17,673,16,673,15,674,14,674,13,674,12,675,12,676,11,677,12,678,11,679,11,680,11,681,11,682,11,683,11,684,11,685,12,685,13,685,14,686,15,686,16,686,17,686,18,686,19,686,20,686,21,686,22,686,23,686,24,687,25,687,26,687,27,687,28,687,29,688,30,688,31,688,32,689,33,689,33,688,34,687,35,686,36,686,37,685,37,684,37,683,37,682,37,681,37,680,37,679,37,678,36,677,36,676,35,676,34,675,33,674,32,674,31,673,30,673,29,673,28,673,27,673,26,672,25,671
9,685,8,686,7,686,6,686,5,686,4,687,3,686,2,686,1,686,0,686,0,687,0,688,0,689,0,690,0,691,0,692,0,693,0,694,0,695,0,696,0,697,0,698,0,699,0,700,0,701,0,702,0,703,0,704,0,705,0,706,0,707,0,708,1,708,2,707,3,707,4,708,5,708,6,708,7,709,8,709,9,709,10,709,11,709,12,709,13,709,14,709,15,709,16,708,17,708,18,708,19,707,20,706,21,705,22,704,22,703,23,702,23,701,23,700,23,699,23,698,22,697,21,696,20,695,19,694,18,693,17,693,16,692,15,691,14,690,13,690,12,689,11,688,10,687,9,686
123,727,122,728,121,728,120,728,119,729,118,729,117,730,116,731,115,732,114,733,114,734,113,735,113,736,113,737,112,738,111,739,111,740,111,741,110,742,110,743,109,744,109,745,108,746,107,746,106,747,106,748,105,749,105,750,105,751,105,752,105,753,105,754,104,755,104,756,104,757,105,758,104,759,105,760,106,761,107,761,108,761,109,762,110,763,111,764,111,765,112,766,113,767,114,767,115,768,116,769,117,768,118,767,118,766,119,765,120,764,120,763,120,762,121,761,121,760,122,759,123,758,124,757,124,756,124,755,124,754,124,753,125,752,126,752,126,751,127,750,127,749,128,748,129,747,129,746,130,745,131,744,131,743,131,742,132,741,132,740,132,739,132,738,132,737,133,736,133,735,133,734,133,733,133,732,132,731,132,730,131,729,130,728,129,727,128,727,127,727,126,727,125,727,124,727
91,731,90,732,89,732,88,732,87,732,86,733,85,733,84,734,83,734,82,735,82,736,81,737,80,738,79,739,79,740,78,741,78,742,77,743,77,744,77,745,77,746,77,747,76,748,77,749,76,750,76,751,77,752,77,753,77,754,77,755,77,756,77,757,77,758,78,759,78,760,78,761,78,762,79,763,79,764,79,765,80,766,81,767,82,768,83,768,84,768,85,768,86,768,87,768,88,768,89,768,90,768,91,768,92,768,93,769,93,770,93,771,93,772,94,772,94,771,94,770,94,769,95,768,95,767,96,766,96,765,96,764,97,763,98,762,99,761,100,760,101,759,102,758,103,758,103,757,103,756,103,755,104,754,104,753,104,752,104,751,104,750,103,749,103,748,103,747,103,746,104,745,104,744,104,743,104,742,104,741,104,740,104,739,103,738,103,737,102,736,102,735,101,734,100,733,99,732,98,732,97,731,96,731,95,731,94,731,93,731,92,731
268,737,267,738,266,739,265,740,265,741,265,742,264,743,264,744,264,745,263,746,263,747,263,748,263,749,263,750,264,751,264,752,265,753,265,754,266,755,267,756,268,757,269,757,270,757,271,758,272,758,273,759,274,759,275,759,276,759,277,759,278,759,279,759,280,759,281,758,282,757,283,757,283,756,284,755,284,754,284,753,284,752,284,751,284,750,284,749,283,748,283,747,282,746,281,745,281,744,280,743,280,742,279,741,278,740,278,739,277,738,276,738,275,737,274,737,273,737,272,737,271,737,270,737,269,737
27,750,26,751,25,751,24,752,23,752,22,753,22,754,21,755,20,756,19,757,19,758,18,759,17,759,17,760,17,761,17,762,16,763,16,764,17,765,17,766,17,767,17,768,18,768,19,769,19,770,19,771,20,772,20,773,21,774,21,775,22,776,23,777,24,778,25,779,26,779,27,780,28,781,29,781,30,781,31,782,32,782,33,782,34,782,35,782,36,782,37,782,38,782,39,782,40,782,41,781,42,781,43,780,44,779,45,779,46,778,46,777,47,776,48,775,48,774,49,773,49,772,49,771,49,770,49,769,49,768,49,767,49,766,49,765,49,764,48,763,48,762,48,761,47,760,47,759,46,758,45,757,44,756,43,755,42,754,42,753,41,753,40,752,39,752,38,751,37,751,36,750,35,750,34,750,33,750,32,750,31,750,30,750,29,750,28,750
289,755,288,756,287,756,286,756,285,756,284,757,283,758,282,758,281,759,281,760,281,761,282,762,283,763,282,764,283,765,283,766,283,767,283,768,283,769,283,770,283,771,284,772,284,773,285,774,286,775,286,776,287,777,288,777,289,778,290,778,291,778,292,778,293,778,294,778,295,778,296,777,297,776,298,775,299,774,300,773,301,773,301,772,302,771,302,770,302,769,303,768,303,767,303,766,303,765,302,764,302,763,301,762,301,761,300,760,299,759,298,758,297,758,296,757,295,756,294,756,293,756,292,756,291,755,290,755
148,773,147,774,146,774,145,775,144,776,143,776,143,777,143,778,143,779,142,780,143,781,143,782,143,783,143,784,143,785,142,786,142,787,142,788,142,789,142,790,141,791,140,792,140,793,140,794,140,795,141,796,142,797,142,798,143,799,144,799,145,799,146,799,147,800,148,800,149,800,150,799,151,799,152,799,153,798,154,797,155,797,156,796,157,795,158,794,159,793,160,792,161,791,162,791,163,790,164,789,164,788,164,787,165,786,165,785,165,784,165,783,166,782,166,781,165,780,165,779,165,778,165,777,164,776,163,775,162,774,161,774,160,774,159,774,158,774,157,774,156,774,155,774,154,773,153,773,152,773,151,773,150,773,149,773
94,775,94,776,93,777,93,778,92,779,92,780,92,781,92,782,92,783,91,784,91,785,91,786,92,787,92,788,92,789,92,790,92,791,92,792,92,793,92,794,93,795,93,796,93,797,94,798,94,799,95,800,96,801,97,801,98,801,99,801,100,801,101,800,102,799,103,798,104,797,105,796,106,795,106,794,107,793,108,793,108,792,109,791,109,790,110,789,110,788,110,787,110,786,110,785,110,784,109,783,109,782,109,781,108,780,108,779,107,779,106,778,105,777,104,777,103,776,102,776,101,775,100,775,99,775,98,775,97,775,96,775,95,775
308,784,307,785,306,785,305,785,304,786,304,787,303,788,303,789,303,790,303,791,303,792,303,793,303,794,303,795,303,796,304,797,304,798,304,799,305,800,305,801,305,802,305,803,306,803,307,804,307,805,307,806,307,807,307,808,308,809,308,810,309,811,309,812,310,813,310,814,311,815,312,816,313,817,314,818,315,818,316,819,317,819,318,820,319,820,320,820,320,819,321,818,321,817,321,816,321,815,322,814,322,813,322,812,322,811,322,810,322,809,322,808,322,807,322,806,322,805,322,804,322,803,322,802,321,801,320,800,320,799,319,798,319,797,319,796,318,795,318,794,317,793,317,792,316,791,316,790,316,789,316,788,315,787,314,786,314,785,313,785,312,784,311,784,310,784,309,784
337,814,336,815,335,815,334,816,333,817,332,817,331,818,330,819,329,820,328,821,327,822,326,823,327,824,327,825,328,826,329,827,330,828,331,829,332,829,333,830,334,830,335,830,336,831,337,831,338,831,339,831,340,831,341,830,342,830,343,830,344,829,345,828,346,827,346,826,346,825,346,824,346,823,345,822,344,821,344,820,343,819,342,818,341,818,340,817,340,816,339,815,338,814
247,812,246,813,245,813,244,813,243,814,242,815,241,816,240,817,239,818,239,819,238,820,238,821,238,822,238,823,237,824,237,825,238,826,237,827,237,828,238,829,238,830,238,831,238,832,238,833,238,834,239,835,239,836,240,837,241,838,242,839,243,839,244,839,245,839,246,840,247,840,248,839,249,839,250,839,251,838,252,838,253,837,254,837,255,836,256,835,256,834,257,833,257,832,257,831,258,830,258,829,258,828,258,827,258,826,258,825,258,824,258,823,258,822,257,821,257,820,257,819,256,818,256,817,255,816,255,815,254,814,253,813,252,813,251,813,250,813,249,812,248,812
191,812,190,813,189,813,188,814,188,815,188,816,187,817,187,818,187,819,187,820,187,821,187,822,187,823,187,824,187,825,187,826,188,827,188,828,189,829,189,830,190,831,190,832,191,833,191,834,192,835,192,836,193,837,194,838,195,839,196,840,197,841,198,841,199,842,199,843,200,843,201,844,202,844,203,845,204,845,205,845,206,845,207,845,208,845,209,845,210,845,211,844,212,844,213,844,214,843,214,842,215,841,216,841,217,840,218,839,218,838,219,837,219,836,220,835,220,834,220,833,220,832,220,831,220,830,220,829,220,828,220,827,219,826,219,825,219,824,218,823,217,822,216,821,215,821,214,821,213,820,212,820,211,820,210,819,209,819,208,818,207,817,206,817,205,817,204,816,203,816,202,816,201,816,200,815,199,815,198,815,197,815,196,814,195,814,194,813,193,813,192,813
134,821,133,822,132,822,131,823,130,824,130,825,129,826,128,827,127,828,127,829,126,830,125,830,125,831,124,832,124,833,123,834,123,835,123,836,123,837,123,838,122,839,122,840,122,841,122,842,122,843,122,844,122,845,121,846,121,847,121,848,122,849,122,850,122,851,122,852,123,853,123,854,124,855,125,856,126,856,127,857,128,857,129,858,130,858,131,858,132,858,133,858,134,858,135,857,136,856,137,856,138,855,139,854,140,853,141,852,142,851,142,850,143,849,144,849,144,848,144,847,145,846,145,845,145,844,145,843,145,842,145,841,145,840,145,839,146,838,146,837,146,836,146,835,146,834,146,833,146,832,146,831,146,830,146,829,145,828,145,827,145,826,144,825,144,824,143,824,142,823,141,822,140,822,139,821,138,821,137,821,136,821,135,821
87,829,86,830,85,830,84,831,83,832,82,833,81,834,81,835,80,836,80,837,79,838,79,839,78,840,78,841,77,842,77,843,78,844,79,845,80,846,80,847,81,848,82,849,82,850,83,851,84,852,84,853,85,854,85,855,85,856,86,857,86,858,87,858,88,858,89,858,90,858,91,858,92,858,93,857,94,857,95,856,95,855,96,854,97,853,97,852,98,851,98,850,98,849,99,848,99,847,99,846,99,845,99,844,99,843,99,842,99,841,100,840,100,839,99,838,99,837,99,836,99,835,98,834,98,833,97,832,97,831,96,830,95,830,94,829,93,829,92,829,91,829,90,829,89,829,88,829
103,845,102,846,101,847,100,847,100,848,99,849,99,850,99,851,98,852,99,853,99,854,100,855,100,856,101,856,102,857,103,858,104,858,105,859,106,860,106,861,107,861,108,861,109,862,110,861,110,860,111,859,112,858,113,857,114,857,114,856,114,855,114,854,114,853,113,852,113,851,113,850,112,849,112,848,111,847,110,846,109,845,108,845,107,845,106,845,105,845,104,845
76,844,75,845,74,845,73,846,72,847,71,847,70,847,69,848,68,849,67,850,67,851,66,852,66,853,65,854,65,855,65,856,65,857,64,858,64,859,65,860,65,861,65,862,65,863,65,864,66,865,67,866,68,867,68,868,69,868,70,869,71,869,72,869,73,870,74,870,75,870,76,869,77,869,78,868,79,867,80,866,81,865,82,864,83,863,84,862,85,861,85,860,86,859,85,858,85,857,84,856,84,855,84,854,83,853,83,852,82,851,81,850,81,849,80,848,79,847,79,846,78,845,77,844
150,849,149,850,148,850,147,850,146,851,145,851,144,852,143,852,142,852,141,853,140,854,139,855,138,856,137,857,136,857,135,858,134,859,134,860,134,861,133,862,133,863,132,864,132,865,132,866,132,867,132,868,132,869,132,870,132,871,133,872,134,873,135,874,136,875,137,875,138,875,139,875,140,875,141,875,142,875,143,875,144,875,145,875,146,875,147,875,148,875,149,876,150,876,151,876,152,876,153,877,154,877,155,877,156,877,157,877,158,876,159,876,160,876,161,875,162,875,163,874,164,873,165,872,165,871,166,870,166,869,166,868,166,867,166,866,166,865,166,864,166,863,165,862,165,861,165,860,165,859,164,858,164,857,163,856,163,855,162,854,162,853,161,853,160,852,159,851,158,850,157,850,156,849,155,849,154,849,153,849,152,849,151,849
26,851,25,852,24,852,23,853,22,854,22,855,21,856,21,857,21,858,21,859,21,860,21,861,21,862,21,863,22,864,22,865,22,866,22,867,23,868,23,869,23,870,24,871,24,872,24,873,25,874,25,875,25,876,26,877,26,878,26,879,26,880,27,881,28,882,29,883,30,884,31,884,32,885,33,885,34,886,35,886,36,886,37,886,38,886,39,886,40,886,41,886,42,885,43,885,44,884,45,884,45,883,46,882,47,881,47,880,47,879,47,878,48,877,48,876,48,875,47,874,46,873,47,872,47,871,47,870,46,869,46,868,46,867,45,866,45,865,44,864,44,863,43,862,43,861,43,860,42,859,41,858,40,857,39,856,39,855,38,854,37,854,36,853,35,853,34,852,33,852,32,851,31,851,30,851,29,851,28,851,27,851
115,857,114,858,113,858,112,859,111,860,111,861,110,862,110,863,110,864,110,865,111,866,111,867,111,868,110,869,110,870,111,871,111,872,112,873,112,874,113,875,113,876,113,877,113,878,113,879,113,880,113,881,113,882,114,882,115,883,116,883,117,883,118,883,119,883,120,883,121,882,122,882,123,881,123,880,124,879,124,878,124,877,124,876,124,875,124,874,124,873,124,872,124,871,123,870,123,869,122,868,122,867,122,866,121,865,121,864,120,863,120,862,119,861,119,860,118,859,117,858,116,857
0,860,0,861,0,862,0,863,0,864,0,865,0,866,0,867,0,868,0,869,0,870,0,871,0,872,0,873,0,874,0,875,0,876,0,877,0,878,0,879,0,880,0,881,0,882,0,883,0,884,0,885,0,886,0,887,0,888,0,889,0,890,0,891,1,891,2,890,3,890,4,890,5,890,6,890,7,890,8,890,9,890,10,890,11,889,12,889,13,888,14,888,15,887,16,886,17,886,18,886,18,885,19,884,20,883,20,882,20,881,21,880,21,879,21,878,20,877,20,876,20,875,20,874,19,873,19,872,18,871,18,870,17,870,16,869,15,868,14,868,13,867,12,866,11,865,10,865,9,864,8,863,7,863,6,863,5,862,4,862,3,862,2,862,1,861,1,860
172,875,171,876,170,876,169,876,168,876,167,877,166,878,165,878,165,879,164,880,163,880,162,881,161,881,160,881,159,882,158,883,157,883,156,884,155,885,154,886,153,887,152,887,151,887,150,887,150,888,150,889,150,890,150,891,150,892,150,893,150,894,150,895,151,896,151,897,152,897,153,898,154,898,155,898,156,899,157,898,158,899,159,899,160,899,161,899,162,899,163,900,164,900,165,899,166,899,167,899,168,898,169,897,169,896,170,895,171,894,171,893,172,892,173,891,174,890,175,889,176,888,177,887,178,886,178,885,178,884,179,883,180,883,179,883,178,882,178,881,178,880,178,879,178,878,177,877,176,876,175,876,174,876,173,875
16,902,15,903,14,903,13,904,12,904,11,905,10,906,9,907,8,908,8,909,7,910,7,911,7,912,6,913,6,914,6,915,6,916,6,917,6,918,7,919,7,920,7,921,8,922,8,923,9,924,10,925,11,926,12,926,13,926,14,927,15,927,16,927,17,927,18,927,19,927,20,927,21,927,22,927,23,927,24,926,25,926,26,925,27,925,28,924,29,923,29,922,30,921,30,920,31,919,31,918,31,917,30,916,31,915,31,914,31,913,31,912,30,911,30,910,29,909,29,908,28,907,27,906,26,905,25,904,24,904,23,903,22,903,21,903,20,902,19,902,18,902,17,902
271,931,270,932,269,932,268,932,267,932,266,932,266,933,265,934,264,934,263,935,262,936,262,937,261,938,261,939,260,940,261,941,260,942,261,943,261,944,261,945,261,946,262,946,263,946,264,947,265,947,266,948,267,948,268,949,269,950,269,951,270,951,271,951,272,952,273,953,274,954,275,955,276,956,276,957,277,958,278,959,279,960,279,961,280,962,281,963,281,964,282,965,283,966,284,966,285,966,286,966,287,966,288,966,289,965,290,964,291,963,292,963,291,962,292,961,292,960,292,959,292,958,293,957,292,956,293,955,293,954,292,953,292,952,292,951,292,950,291,949,291,948,291,947,290,946,290,945,290,944,289,943,289,942,288,941,287,941,286,940,286,939,285,938,284,937,283,937,282,936,281,935,280,935,279,934,278,934,277,933,277,932,276,932,275,932,274,931,273,931,272,931
261,947,260,948,259,949,259,950,259,951,258,952,258,953,257,954,257,955,257,956,256,957,256,958,256,959,256,960,256,961,256,962,256,963,256,964,257,965,257,966,257,967,258,968,258,969,258,970,259,971,260,971,261,972,262,973,263,973,264,974,265,974,266,974,267,974,268,974,269,974,270,974,271,974,272,975,273,975,274,975,275,975,276,974,277,974,278,974,279,973,280,973,280,972,281,971,282,970,282,969,282,968,282,967,282,966,281,965,280,964,280,963,279,962,278,961,278,960,277,959,276,958,275,957,275,956,274,955,273,954,272,953,271,952,270,952,269,952,268,951,268,950,267,949,266,949,265,948,264,948,263,947,262,947
291,964,290,965,289,966,288,967,287,967,288,967,289,968,289,969,289,970,289,971,289,972,289,973,289,974,289,975,289,976,290,977,290,978,290,979,291,980,291,981,292,982,292,983,293,984,294,985,295,985,296,986,296,987,297,987,298,988,299,988,300,988,301,988,302,988,303,988,304,987,305,987,306,987,307,987,307,986,308,985,309,984,310,983,310,982,311,981,311,980,311,979,311,978,311,977,311,976,311,975,310,974,310,973,309,972,308,971,307,970,306,970,305,970,304,969,304,968,303,968,302,967,301,967,300,966,299,966,298,966,297,965,296,965,295,965,294,965,293,964,292,964
281,1000,280,1001,279,1001,278,1002,277,1002,276,1002,275,1003,274,1003,273,1003,272,1004,272,1005,271,1006,271,1007,271,1008,271,1009,272,1010,273,1011,274,1011,275,1011,276,1011,277,1011,278,1010,279,1010,280,1010,281,1010,282,1010,283,1010,284,1011,285,1012,286,1013,286,1014,287,1015,287,1016,288,1016,289,1017,289,1018,290,1019,290,1020,290,1021,291,1021,292,1021,293,1021,294,1021,295,1021,296,1021,297,1021,298,1021,299,1021,300,1021,301,1021,302,1021,303,1021,304,1021,305,1021,306,1021,307,1021,308,1021,309,1021,310,1021,311,1021,310,1020,310,1019,309,1018,308,1017,308,1016,307,1015,306,1014,305,1014,304,1013,303,1012,302,1011,301,1010,300,1009,299,1008,298,1008,297,1007,296,1006,295,1006,294,1005,294,1004,293,1003,292,1002,291,1002,290,1001,289,1001,288,1000,287,1000,286,1000,285,1000,284,1000,283,1000,282,1000
